shape_id,shape_pt_lat,shape_pt_lon,shape_pt_sequence,shape_dist_traveled
0,28.06433096441767,-82.41376876831055,0,0.0
0,28.064401969434144,-82.41380631923676,1,8.691632950013068
0,28.064510843701598,-82.41391360759735,2,24.716963424430496
0,28.064610250545112,-82.41391360759735,3,35.73327878408618
0,28.06471912460153,-82.41391360759735,4,47.79875552458421
0,28.064837465842132,-82.41390287876129,5,60.95573061645903
0,28.064894269591317,-82.41389751434326,6,67.27279916038074
0,28.06488006865682,-82.41382777690887,7,74.30650996940079
0,28.06488006865682,-82.4137419462204,8,82.74391468331166
0,28.06488006865682,-82.41366147994995,9,90.65398160260311
0,28.06487533501159,-82.41355419158936,10,101.2137758272342
0,28.064894269591317,-82.41342008113861,11,114.56316653080435
0,28.064936872383516,-82.41328060626984,12,129.06405473463747
0,28.06505047974678,-82.41320550441742,13,143.65902982240974
0,28.065230357826323,-82.41320550441742,14,163.59320887856325
0,28.065476506289354,-82.41322696208954,15,190.95293866672787
0,28.065694252536684,-82.41321086883545,16,215.1354908146724
0,28.065921465541745,-82.41320550441742,17,240.3208737240195
0,28.066238616224652,-82.41320013999939,18,275.4716320830235
0,28.066555765971533,-82.41320550441742,19,310.6222883243335
0,28.06693445101036,-82.41320550441742,20,352.5883642057354
0,28.067085924652215,-82.41320013999939,21,369.38303436754416
0,28.06728946702222,-82.41319477558136,22,391.94587165571113
0,28.06755454487958,-82.41318941116333,23,421.3266751431481
0,28.067672882997616,-82.41321086883545,24,434.6095157212971
0,28.06767761651962,-82.41402089595795,25,514.237190175099
0,28.067687083563015,-82.41457879543304,26,569.0889324347911
0,28.06770128412656,-82.41508841514587,27,619.2094301535931
0,28.06770128412656,-82.41536736488342,28,646.6302793094391
0,28.067814888567227,-82.41568922996521,29,680.6825023003316
0,28.06782435559851,-82.41603791713715,30,714.9745788186586
0,28.067838556143915,-82.4164617061615,31,756.6628404061305
0,28.067829089113875,-82.41693913936615,32,803.6063459038446
0,28.06782435559851,-82.41743803024292,33,852.6502284899105
0,28.067814888567227,-82.41757214069366,34,865.8749953114321
0,28.06776281988017,-82.41770625114441,35,880.2656170062089
0,28.067635014814027,-82.41780817508698,36,897.6145697164645
0,28.067455140759694,-82.41791009902954,37,919.9246072515281
0,28.067341535938684,-82.41778135299683,38,937.7759746602188
0,28.067171128481935,-82.41766333580017,39,959.939393497573
0,28.066943918119225,-82.41765260696411,40,985.1410445510754
0,28.066711973711733,-82.41767942905426,41,1010.98012110474
0,28.06648002880362,-82.41769552230835,42,1036.7330140174743
0,28.066210214709105,-82.41769552230835,43,1066.6339526418885
0,28.066001936699152,-82.41767942905426,44,1089.7695806421243
0,28.065916731942366,-82.41762042045593,45,1100.851422106173
0,28.0657936582855,-82.41763651371002,46,1114.5819495496505
0,28.065727387796517,-82.41776525974274,47,1129.214470642059
0,28.06562798198638,-82.41795837879181,48,1151.1632690690124
0,28.065755789439667,-82.41811394691467,49,1172.007360139823
0,28.065874129538628,-82.41831243038177,50,1195.516557593517
0,28.066001936699152,-82.41859138011932,51,1226.379750045475
0,28.066039805458267,-82.41884887218475,52,1252.0372324126786
0,28.066035071864103,-82.41895079612732,53,1262.0702664218607
0,28.06574158861901,-82.41895079612732,54,1294.594230489231
0,28.06550017438109,-82.41895079612732,55,1321.3478793751906
0,28.065268226857338,-82.41895079612732,56,1347.0524212866649
0,28.064908470523907,-82.41895616054535,57,1386.9242857437528
0,28.064586582257377,-82.41896152496338,58,1422.6000005275478
0,28.06440670310024,-82.41895616054535,59,1442.5412709110913
0,28.06419842159478,-82.41895079612732,60,1465.629152151143
0,28.06415108483271,-82.41902589797974,61,1474.6859004318148
0,28.064075345969993,-82.41905272006989,62,1483.483723183601
0,28.06399960705392,-82.41896688938141,63,1495.385003125289
0,28.06393333545856,-82.41896152496338,64,1502.7481612186104
0,28.06383866168002,-82.41896152496338,65,1513.2399549553686
0,28.063767656291372,-82.41895079612732,66,1521.1791729996642
0,28.063540438732442,-82.41896152496338,67,1546.3816097554804
0,28.063299019549753,-82.41896688938141,68,1573.1409946454264
0,28.063029197468456,-82.41896152496338,69,1603.047454203339
0,28.062745173493177,-82.4189829826355,70,1634.593726177859
0,28.06267416738208,-82.41905808448792,71,1645.3838577814138
0,28.062622096204116,-82.41920292377472,72,1660.7471816696345
0,28.0626126287145,-82.41940140724182,73,1680.2872768654543
0,28.062626829948606,-82.41956770420074,74,1696.7106692761772
0,28.06239014246854,-82.41950869560242,75,1723.5742689941935
0,28.062110850571624,-82.41946041584015,76,1754.8873044519726
0,28.06183155794893,-82.41947650909424,77,1785.8790452543356
0,28.061504926672853,-82.4195247888565,78,1822.3863008954675
0,28.061291905740628,-82.4195945262909,79,1846.9686797595723
0,28.06113569012199,-82.41965889930725,80,1865.400941824799
0,28.061017344805215,-82.41936385631561,81,1897.2328774389932
0,28.060993675726213,-82.4189293384552,82,1940.0292296141336
0,28.061003143358445,-82.41837680339813,83,1994.3571063618617
0,28.060993675726213,-82.41795301437378,84,2036.0314986290114
0,28.06092266845796,-82.41783499717712,85,2050.050237226113
0,28.060813790555535,-82.41773307323456,86,2065.7340520689672
0,28.060643372747684,-82.41773843765259,87,2084.6271882480914
0,28.06044455163035,-82.41771697998047,88,2106.761375675474
0,28.06017945623518,-82.4177223443985,89,2136.1440925871925
0,28.059904892458032,-82.4177223443985,90,2166.5713655705244
0,28.05962559410309,-82.41773307323456,91,2197.5412905122994
0,28.05927528666583,-82.4177223443985,92,2236.376829591452
0,28.058896574638595,-82.41771697998047,93,2278.349162658982
0,28.058650411105383,-82.41770625114441,94,2305.649485858492
0,28.058337971962956,-82.41770625114441,95,2340.274114902759
0,28.058087073206295,-82.41771161556244,96,2368.08381375895
0,28.058096541094525,-82.41724491119385,97,2413.9770801156965
0,28.0580776053172,-82.41672992706299,98,2464.648162615288
0,28.05801133007034,-82.41627931594849,99,2509.5520708543427
0,28.057926118978575,-82.41597354412079,100,2541.0605915911524
0,28.057864577592532,-82.41580188274384,101,2559.262486001916
0,28.05773676075508,-82.41548001766205,102,2593.930580477328
0,28.05756160410136,-82.41509914398193,103,2636.106390810798
0,28.057424318957068,-82.41468608379364,104,2679.4706371931434
0,28.05728703363744,-82.41417646408081,105,2731.8302989887497
0,28.057230225867674,-82.41372048854828,106,2777.0970800975692
0,28.057220757903114,-82.41338789463043,107,2809.8111703419936
0,28.057225491885507,-82.4131840467453,108,2829.85829239808
0,28.057230225867674,-82.41309821605682,109,2838.312587804903
0,28.05739591511221,-82.41308748722076,110,2856.7046010172603
0,28.057717824914377,-82.41310358047485,111,2892.4138330933038
0,28.058068137427295,-82.41310358047485,112,2931.235600598868
0,28.058517861277082,-82.41310358047485,113,2981.0741736206205
0,28.05910960031809,-82.41309821605682,114,3046.6530511624505
0,28.059564053690018,-82.41308748722076,115,3097.0268025572204
0,28.05972500546515,-82.41313576698303,116,3115.4842252715816
0,28.059743940952256,-82.41321086883545,117,3123.159726924675
0,28.05972500546515,-82.41330742835999,118,3132.881435390453
0,28.05962559410309,-82.41336107254028,119,3145.0954133977143
0,28.05935576279971,-82.41336107254028,120,3174.998229248657
0,28.059175874887853,-82.41336107254028,121,3194.9334808623953
0,28.058830299896652,-82.41336643695831,122,3233.233871416488
0,28.05840898093871,-82.41336643695831,123,3279.9246054307982
0,28.057945054782586,-82.41333961486816,124,3331.4046580094537
0,28.057599475834472,-82.4133449792862,125,3369.7054802440907
0,28.057220757903114,-82.41333425045013,126,3411.688395661954
0,28.057220757903114,-82.41299092769623,127,3445.440407105653
0,28.057230225867674,-82.4125725030899,128,3486.589048679754
0,28.05723969383137,-82.41206288337708,129,3536.700669878614
0,28.057249161794253,-82.41176784038544,130,3565.725269701138
0,28.05723969383137,-82.41145133972168,131,3596.85808434139
0,28.056894112615698,-82.41143524646759,132,3635.1881892241545
0,28.05663847648101,-82.41142451763153,133,3663.537507619556
0,28.056629008464334,-82.41117238998413,134,3688.3464736166993
0,28.056629008464334,-82.41085052490234,135,3719.9891576171913
0,28.05661954044685,-82.41050183773041,136,3754.2847877067343
0,28.056624274455707,-82.41024434566498,137,3779.6043722936743
0,28.056624274455707,-82.40987956523895,138,3815.466082398551
0,28.056624274455707,-82.40961134433746,139,3841.834986887435
0,28.056439647955983,-82.40949332714081,140,3865.3560622472987
0,28.0563354995342,-82.40941286087036,141,3879.348608466706
0,28.05638757375771,-82.4092036485672,142,3900.7106616569317
0,28.0564254459044,-82.40901052951813,143,3920.1546771172457
0,28.056430179921804,-82.40879595279694,144,3941.256361630065
0,28.056415977868973,-82.40873694419861,145,3947.267239980088
0,28.05652012621277,-82.40872621536255,146,3958.857092086981
0,28.056572200346846,-82.40868866443634,147,3965.7077319418067
0,28.05663847648101,-82.40866184234619,148,3973.5114795957425
0,28.056780496630864,-82.40865647792816,149,3989.259037709427
0,28.056931984583944,-82.40865111351013,150,4006.0552697945764
0,28.056846772636607,-82.40848481655121,151,4024.935252655782
0,28.05672368859345,-82.40824341773987,152,4052.307910226273
0,28.05663847648101,-82.40793764591217,153,4083.816806058261
0,28.056553264301034,-82.40755140781403,154,4122.944665258735
0,28.056524860226006,-82.40717589855194,155,4159.995116829972
0,28.056501190157775,-82.40680575370789,156,4196.478664541346
0,28.056468052053507,-82.40647315979004,157,4229.381731251977
0,28.056463318037753,-82.40619957447052,158,4256.283169346366
0,28.056449115989324,-82.40587770938873,159,4287.965021230245
0,28.056420711886787,-82.40558803081512,160,4316.616921983617
0,28.056420711886787,-82.40536272525787,161,4338.766843477789
0,28.056629008464334,-82.40543246269226,162,4362.846954298893
0,28.05687517662655,-82.40547001361847,163,4390.376047155449
0,28.05712607821182,-82.40551292896271,164,4418.499319353844
0,28.057343841377154,-82.40549147129059,165,4442.723938166661
0,28.057537934261415,-82.40545928478241,166,4464.464884377331
0,28.057675219260624,-82.40544319152832,167,4479.76090227124
0,28.057992394278003,-82.40534126758575,168,4516.310678943555
0,28.058281164748593,-82.40528762340546,169,4548.743963729623
0,28.058546264825488,-82.40523934364319,170,4578.5033916304765
0,28.058835033808162,-82.40523397922516,171,4610.509230168269
0,28.059175874887853,-82.40522861480713,172,4648.285057178685
0,28.05954511817121,-82.4052232503891,173,4689.208146797591
0,28.059710803847622,-82.40519106388092,174,4707.840146119781
0,28.059909626322213,-82.40513205528259,175,4730.624582015684
0,28.059999569701773,-82.40507304668427,176,4742.157304248371
0,28.059909626322213,-82.40489602088928,177,4762.2125941319055
0,28.05980548126235,-82.40461707115173,178,4791.965174679274
0,28.05980548126235,-82.40425765514374,179,4827.2984664761125
0,28.05980074739359,-82.4038553237915,180,4866.854138635453
0,28.059791279655432,-82.40344226360321,181,4907.474612446454
0,28.059781811916487,-82.40302383899689,182,4948.622278775912
0,28.059791279655432,-82.40274488925934,183,4976.0652015176975
0,28.05997590039866,-82.40272879600525,184,4996.58602693971
0,28.060136851557093,-82.40272343158722,185,5014.43049609175
0,28.060368810155584,-82.40272879600525,186,5040.141654915354
0,28.060581832917315,-82.40273952484131,187,5063.772477691512
0,28.060832725850812,-82.40273416042328,188,5091.581541213554
0,28.061112021069068,-82.40274488925934,189,5122.551123788196
0,28.061457588724405,-82.40275025367737,190,5160.850714035744
0,28.06184102550735,-82.40274488925934,191,5203.346621333819
0,28.062191324582447,-82.40274488925934,192,5242.16692297904
0,28.062532155019138,-82.40274488925934,193,5279.937907742097
0,28.062887185574652,-82.40274488925934,194,5319.282558158345
0,28.06315227429132,-82.40274488925934,195,5348.659813710582
0,28.063493101680557,-82.40275025367737,196,5386.434147152243
0,28.063876531201426,-82.40273952484131,197,5428.939077233158
0,28.064255225681745,-82.40272879600525,198,5470.919433675728
0,28.064643386139156,-82.40275025367737,199,5513.987252782399
0,28.065041012471102,-82.40277171134949,200,5558.10285787608
0,28.065476506289354,-82.40277171134949,201,5606.364502223521
0,28.065590113082155,-82.40276634693146,202,5618.965503542521
0,28.06584099432406,-82.40277707576752,203,5646.788287638338
0,28.06616287883321,-82.40277707576752,204,5682.459694977033
0,28.06637115653121,-82.40277707576752,205,5705.541137794895
0,28.066314353562685,-82.40313112735748,206,5740.909659249262
0,28.066229149053626,-82.40348517894745,207,5776.971644357914
0,28.066096608571904,-82.40384459495544,208,5815.234393241073
0,28.065968801523997,-82.40425229072571,209,5857.740796662854
0,28.065845727926774,-82.40470290184021,210,5904.089000356024
0,28.06574158861901,-82.40518033504486,211,5952.419783703581
0,28.065717920580454,-82.40563631057739,212,5997.3198196278145
0,28.065751055832987,-82.40613520145416,213,6046.499129086419
0,28.065736855011714,-82.4066823720932,214,6100.31017152133
0,28.065722654188587,-82.40718126296997,215,6149.377444616439
0,28.065732121404217,-82.40743339061737,216,6174.184322680333
0,28.065736855011714,-82.40777671337128,217,6207.937751245266
0,28.065736855011714,-82.40806639194489,218,6236.413766301961
0,28.065992469507286,-82.40803956985474,219,6264.8635397453245
0,28.06630015281589,-82.40798056125641,220,6299.451044069105
0,28.06657943382554,-82.4079430103302,221,6330.620459503417
0,28.066953385227254,-82.40790009498596,222,6372.276120277185
0,28.067365203619616,-82.4078518152237,223,6418.160158891254
0,28.06762081424173,-82.40780353546143,224,6446.881883700241
0,28.06760661366755,-82.40766942501068,225,6460.158592704481
0,28.067530877240326,-82.40757286548615,226,6472.829034739212
0,28.06752614371186,-82.40744948387146,227,6484.968845564436
0,28.06760661366755,-82.40736365318298,228,6497.245329571037
0,28.067720218208343,-82.40740120410919,229,6510.365026241678
0,28.067772286916036,-82.40750312805176,230,6521.927014482944
0,28.067767553398205,-82.4075996875763,231,6531.433325153859
0,28.06768235004142,-82.40766942501068,232,6543.101684521078
0,28.067687083563015,-82.40782499313354,233,6558.40307798907
0,28.067502476066345,-82.40787327289581,234,6579.404647372193
0,28.067185329113645,-82.40790545940399,235,6614.693168789231
0,28.066868181224894,-82.4079430103302,236,6650.03297557155
0,28.06665990449024,-82.40796446800232,237,6673.210493960223
0,28.066399558004218,-82.40800738334656,238,6702.369017004673
0,28.066134477297663,-82.40806639194489,239,6732.312618072114
0,28.065883596740925,-82.4081039428711,240,6760.359306343351
0,28.065732121404217,-82.40818440914154,241,6778.91616939817
0,28.065717920580454,-82.40856528282166,242,6816.389919885737
0,28.06571318697212,-82.40899980068207,243,6859.107172021744
0,28.065717920580454,-82.40948796272278,244,6907.0974073715215
0,28.065736855011714,-82.40978837013245,245,6936.702547292478
0,28.065727387796517,-82.41013705730438,246,6970.995286514067
0,28.065727387796517,-82.4105179309845,247,7008.435976258791
0,28.065727387796517,-82.41089880466461,248,7045.876666003515
0,28.06574158861901,-82.41129577159882,249,7084.93107492253
0,28.065755789439667,-82.41173565387726,250,7128.201054592599
0,28.065746322226126,-82.41200387477875,251,7154.588597169582
0,28.065755789439667,-82.41230428218842,252,7184.13790691529
0,28.065765256652373,-82.41264224052429,253,7217.376479494127
0,28.065755789439667,-82.41300702095032,254,7253.250502282086
0,28.065751055832987,-82.41322159767151,255,7274.350365553515
0,28.06555224416457,-82.41322159767151,256,7296.382776074342
0,28.065325030378823,-82.41322159767151,257,7321.562722944109
0,28.065112017018404,-82.41322696208954,258,7345.174859950284
0,28.064979475158818,-82.41326451301575,259,7360.319955162666
0,28.064946339668353,-82.41335570812225,260,7370.00761440704
0,28.064908470523907,-82.41346299648285,261,7381.358652425675
0,28.064908470523907,-82.41370975971222,262,7405.616184600556
0,28.064913204167713,-82.4139404296875,263,7428.297770478748
0,28.064818531252378,-82.41394579410553,264,7438.802714143539
0,28.064681255377035,-82.41395115852356,265,7454.024831569216
0,28.064553446645775,-82.41395115852356,266,7468.188658235801
0,28.064463507077104,-82.41401553153992,267,7479.99495150653
0,28.064364100097873,-82.41409063339233,268,7493.256350004279
0,28.064269426698807,-82.41405308246613,269,7504.378543207485
0,28.06424102466282,-82.41396725177765,270,7513.383961079818
0,28.06425049200898,-82.4138331413269,271,7526.609165413179
0,28.064264693026658,-82.41372585296631,272,7537.27275176783
1,28.064368833765645,-82.41379022598267,0,0.0
1,28.064449306085713,-82.41383850574493,1,10.102252005138096
1,28.064539245666264,-82.41391360759735,2,22.505845365285445
1,28.064690722684418,-82.41390287876129,3,39.32570228009509
1,28.06488006865682,-82.41391360759735,4,60.335605450274926
1,28.064908470523907,-82.41377413272858,5,74.40302614378359
1,28.06488006865682,-82.41355419158936,6,96.25177500665558
1,28.064922671454667,-82.41336643695831,7,115.30287735986104
1,28.065012610639023,-82.41322159767151,8,132.682950244366
1,28.065206689675176,-82.41321086883545,9,154.2167295485072
1,28.06543390371112,-82.41320550441742,10,179.40222493703212
1,28.065661117266647,-82.41320013999939,11,204.58766790687318
1,28.065893063942383,-82.41319477558136,12,230.297525860851
1,28.066125010117478,-82.41318941116333,13,256.00732918982067
1,28.0663569557919,-82.4131840467453,14,281.71707789060423
1,28.0665889009657,-82.41317868232727,15,307.42677197026245
1,28.06682084563881,-82.41317331790924,16,333.13641142032156
1,28.06710959238948,-82.41321086883545,17,365.3476830672403
1,28.067440940163632,-82.41320550441742,18,402.07160726219087
1,28.067672882997616,-82.41320550441742,19,427.7756375896678
1,28.06768235004142,-82.41351127624512,20,457.8514178047978
1,28.06768235004142,-82.41381704807281,21,487.9088923405885
1,28.06768235004142,-82.41412281990051,22,517.9663668763793
1,28.06768235004142,-82.41442859172821,23,548.0238414121701
1,28.067687083563015,-82.41463243961334,24,568.0690223797462
1,28.06768235004142,-82.41487920284271,25,592.3316025589862
1,28.06767761651962,-82.41513133049011,26,617.1213872861591
1,28.067706017647318,-82.41537809371948,27,641.5816376922617
1,28.067791220985324,-82.4156141281128,28,666.6316060307092
1,28.067829089113875,-82.41589307785034,29,694.3716965912313
1,28.067838556143915,-82.41619348526001,30,723.920436596368
1,28.067838556143915,-82.41648316383362,31,752.3958976082175
1,28.06782435559851,-82.41679966449738,32,783.5477527793397
1,28.067838556143915,-82.41714298725128,33,817.3331209500948
1,28.067838556143915,-82.41749167442322,34,851.6091388347248
1,28.06780068801872,-82.41762578487396,35,865.444055819564
1,28.067729685247972,-82.41774380207062,36,879.4619140423869
1,28.067616080717208,-82.41780281066895,37,893.3236421557846
1,28.067445673695865,-82.41788864135742,38,914.0073157682665
1,28.067270532864537,-82.41771697998047,39,939.726242967545
1,28.06708119110413,-82.4176687002182,40,961.2392238459869
1,28.06682084563881,-82.41767406463623,41,990.09566517024
1,28.066470561653865,-82.41770625114441,42,1029.0430496243068
1,28.066200747535586,-82.41770625114441,43,1058.9439908407332
1,28.06594039993713,-82.41765260696411,44,1088.2737958951413
1,28.065812592703427,-82.4176150560379,45,1102.9105742014524
1,28.065751055832987,-82.41770625114441,46,1114.1742989269899
1,28.06562798198638,-82.41795301437378,47,1142.003143417723
1,28.065765256652373,-82.41810858249664,48,1163.5738837470678
1,28.06589779754278,-82.41830706596375,49,1187.995933957141
1,28.065992469507286,-82.418532371521,50,1212.5032005264784
1,28.066058739832815,-82.4188220500946,51,1241.9109388775273
1,28.066068207018827,-82.41916537284851,52,1275.6764915986594
1,28.066058739832815,-82.41953015327454,53,1311.5504137791813
1,28.06605400623949,-82.41984128952026,54,1342.1401711144892
1,28.066044539052204,-82.42016851902008,55,1374.3245334131036
1,28.066049272645962,-82.42058157920837,56,1414.9324934409747
1,28.066049272645962,-82.42076933383942,57,1433.389116487542
1,28.066049272645962,-82.42093026638031,58,1449.2090790988857
1,28.06605400623949,-82.42117702960968,59,1473.4720260916533
1,28.066058739832815,-82.42142379283905,60,1497.7349720212424
1,28.066049272645962,-82.42173492908478,61,1528.3382209511635
1,28.066039805458267,-82.42205142974854,62,1559.4684999459005
1,28.066035071864103,-82.42236793041229,63,1590.5855185564208
1,28.066025604675165,-82.42268443107605,64,1621.7158016435258
1,28.066020871080365,-82.42300093173981,65,1652.8328243447113
1,28.06601140389018,-82.42331743240356,66,1683.963111524159
1,28.066039805458267,-82.42362856864929,67,1714.709903409704
1,28.065675318097917,-82.42360174655914,68,1755.1885436092707
1,28.065325030378823,-82.42361783981323,69,1794.039829047833
1,28.064979475158818,-82.42359638214111,70,1832.392481596853
1,28.0646528534499,-82.42359101772308,71,1868.5927026900756
1,28.064510843701598,-82.4236661195755,72,1885.9759342288933
1,28.064383034767673,-82.423757314682,73,1902.7384479058974
1,28.064269426698807,-82.42377877235413,74,1915.5040293383174
1,28.064207888944683,-82.42370367050171,75,1925.554545718016
1,28.06423155731582,-82.42358565330505,76,1937.4488584051749
1,28.06440670310024,-82.423574924469,77,1956.8872331786806
1,28.064581848599197,-82.42356419563293,78,1976.3255767669996
1,28.06478066206292,-82.42356956005096,79,1998.3644929247903
1,28.065064680658736,-82.42359638214111,80,2029.9498207154095
1,28.065391301115966,-82.42359101772308,81,2066.149905251965
1,28.065784191075288,-82.42358565330505,82,2109.6933637997845
1,28.066210214709105,-82.4236124753952,83,2156.979090241911
1,28.066309619980633,-82.42359101772308,84,2168.195358547607
1,28.066427959469717,-82.42354273796082,85,2182.142147271621
1,28.066574700255167,-82.42353200912476,86,2198.438201916351
1,28.066768776470063,-82.4236124753952,87,2221.3542478242052
1,28.066830312757702,-82.4238109588623,88,2242.0228327265804
1,28.066811378519105,-82.42407381534576,89,2267.9469783422514
1,28.066773510031915,-82.42432057857513,90,2292.5644283055826
1,28.066797177837984,-82.42457270622253,91,2317.4872676262307
1,28.066863447667217,-82.42476046085358,92,2337.3512347398
1,28.067010187857978,-82.42480337619781,93,2354.151346398075
1,28.067190062657147,-82.42493748664856,94,2378.0501602405175
1,28.067374670690544,-82.42514669895172,95,2407.0586632618565
1,28.067436206631196,-82.42542564868927,96,2435.3148472233124
1,28.067582946039796,-82.42547929286957,97,2452.4102081750166
1,28.06782435559851,-82.42547392845154,98,2479.168543026882
1,28.06796636096795,-82.42545247077942,99,2495.046383813013
1,28.06829770610013,-82.42544174194336,100,2531.781375952191
1,28.06857224843558,-82.4254310131073,101,2562.224583360653
1,28.06862431673041,-82.42542028427124,102,2568.0904084980143
1,28.068600649326797,-82.42518961429596,103,2590.9163405185204
1,28.068610116288873,-82.42488384246826,104,2620.9918624054767
1,28.068600649326797,-82.42456197738647,105,2652.6484284231747
1,28.068610116288873,-82.42436349391937,106,2672.187440534819
1,28.068629050210507,-82.42412745952606,107,2695.4841850029343
1,28.068742653670267,-82.42391288280487,108,2720.0484454119123
1,28.068789988409712,-82.42369294166565,109,2742.2957930099938
1,28.068808922299667,-82.42339789867401,110,2771.3741225321355
1,28.06880418882751,-82.42311358451843,111,2799.3269321938974
1,28.068818389243397,-82.4229097366333,112,2819.426739518481
1,28.068998261015594,-82.42288827896118,113,2839.4715167639265
1,28.069078729868806,-82.42287218570709,114,2848.528350127932
1,28.0690834633289,-82.42270588874817,115,2864.8836003822184
1,28.06907399640853,-82.42238938808441,116,2896.0130049415384
1,28.06905506256529,-82.42206752300262,117,2927.7215474945524
1,28.069036128718743,-82.42174029350281,118,2959.956276147809
1,28.06905979602643,-82.4214506149292,119,2988.551956410977
1,28.06905506256529,-82.42108047008514,120,3024.9406382669317
1,28.06905032910397,-82.42067813873291,121,3064.4929238001937
1,28.06905979602643,-82.42046356201172,122,3085.611695535571
1,28.068747387145148,-82.4204957485199,123,3120.377291644755
1,28.06841604339969,-82.4204957485199,124,3157.0969902358906
1,28.06803736358229,-82.42047965526581,125,3199.0923034318625
1,28.06763028129014,-82.42046892642975,126,3244.2177110742496
1,28.067213730371463,-82.42047429084778,127,3290.383120050555
1,28.066792444277176,-82.42047965526581,128,3337.0732470629864
1,28.066375890110567,-82.42048501968384,129,3383.2390103639023
1,28.066020871080365,-82.42049038410187,130,3422.585937326716
1,28.06600667029477,-82.42026507854462,131,3444.7897334055147
1,28.066001936699152,-82.42000222206116,132,3470.6343407878467
1,28.066001936699152,-82.41975545883179,133,3494.8916274215367
1,28.066020871080365,-82.41947114467621,134,3522.918895606335
1,28.066016137485384,-82.41915464401245,135,3554.0359196710297
1,28.06601140389018,-82.41890788078308,136,3578.298875169467
1,28.06601140389018,-82.4186772108078,137,3600.9741628615084
1,28.06589779754278,-82.41843044757843,138,3628.3040440051936
1,28.065779457469876,-82.41819977760315,139,3654.498711907491
1,28.065594846695912,-82.41800129413605,140,3682.7697157957523
1,28.065462305431826,-82.41792619228363,141,3699.2089951319763
1,28.06526349322918,-82.41769015789032,142,3731.2058343271697
1,28.065064680658736,-82.41742193698883,143,3765.5662864143537
1,28.064927405097812,-82.4170732498169,144,3803.0674992995614
1,28.064884802301872,-82.41672992706299,145,3837.1457408742776
1,28.064903736879923,-82.4165153503418,146,3858.343362215692
1,28.064908470523907,-82.4163544178009,147,3874.17218729
1,28.064894269591317,-82.41610765457153,148,3898.480717635396
1,28.064903736879923,-82.4157589673996,149,3932.7737213281057
1,28.064894269591317,-82.41541028022766,150,3967.066725020799
1,28.064884802301872,-82.41504549980164,151,4002.9410370511027
1,28.06488006865682,-82.41468608379364,152,4038.276562677939
1,28.06488006865682,-82.41429448127747,153,4076.7722216851416
1,28.064884802301872,-82.4139404296875,154,4111.580468524705
1,28.064747526511162,-82.41393506526947,155,4126.8025767123145
1,28.06457711494081,-82.4139404296875,156,4145.69503220456
1,28.064449306085713,-82.41402089595795,157,4161.917977441258
1,28.064340431755916,-82.41406917572021,158,4174.883375547114
1,28.064274160370758,-82.4140477180481,159,4182.524519690951
1,28.064255225681745,-82.41389751434326,160,4197.438416568061
1,28.064255225681745,-82.41375803947449,161,4211.149278531736
1,28.064278894042474,-82.41371512413025,162,4216.116920028054
2,28.064255225681745,-82.41351127624512,0,0.0
2,28.06428362771399,-82.41375803947449,1,24.46102523535021
2,28.064411436766132,-82.41380631923676,2,39.39889980372582
2,28.06450611004008,-82.41390824317932,3,53.906349711781886
2,28.064709657296667,-82.41391360759735,4,76.46972020012078
2,28.064884802301872,-82.41390824317932,5,95.88653878193263
2,28.06488006865682,-82.41374731063843,6,111.71536732425525
2,28.064884802301872,-82.41356492042542,7,129.65252451844228
2,28.064889535946698,-82.4133825302124,8,147.58968092656764
2,28.06493213874075,-82.41325378417969,9,161.0977258609402
2,28.06502681155599,-82.41320550441742,10,172.6129499805905
2,28.065206689675176,-82.41321623325348,11,192.57501407221062
2,28.06541023560478,-82.41322696208954,12,215.15671919671496
2,28.065665850877274,-82.41322159767151,13,243.48904148911782
2,28.065661117266647,-82.4130767583847,14,257.73671916427315
2,28.065661117266647,-82.4128782749176,15,277.2480764940018
2,28.065661117266647,-82.41266906261444,16,297.8141017874993
2,28.065661117266647,-82.41245985031128,17,318.3801270809968
2,28.065661117266647,-82.41219162940979,18,344.7468261752223
2,28.065656383655792,-82.4119234085083,19,371.1187437580036
2,28.065680051707908,-82.4116712808609,20,396.04184079401807
2,28.065689518927304,-82.41126358509064,21,436.13294498412233
2,28.065708453363577,-82.41085588932037,22,476.2652067567731
2,28.06569898614586,-82.41044819355011,23,516.3563039197406
2,28.065694252536684,-82.41008877754211,24,551.6915632270461
2,28.065703719754833,-82.40970253944397,25,589.6740894723177
2,28.065703719754833,-82.4095094203949,26,608.6581053332645
2,28.06571318697212,-82.40924119949341,27,635.0456583167813
2,28.065694252536684,-82.40897834300995,28,660.9700720148568
2,28.065689518927304,-82.40872621536255,29,685.7603129990098
2,28.065689518927304,-82.40850627422333,30,707.3810005717809
2,28.065689518927304,-82.4082863330841,31,729.001688144552
2,28.06568478531772,-82.40809857845306,32,747.4658264512998
2,28.065495440763158,-82.40811467170715,33,768.5086383213124
2,28.065301362248515,-82.40812540054321,34,790.0423606658352
2,28.064979475158818,-82.40810930728912,35,825.7491126710213
2,28.064657587104925,-82.40810930728912,36,861.420906688205
2,28.06432623074824,-82.40810930728912,37,898.1419809744295
2,28.063994873369886,-82.40810930728912,38,934.863166710351
2,28.063663514969832,-82.40810930728912,39,971.5844638980874
2,28.06334635668713,-82.40809321403503,40,1006.7676821109221
2,28.063071801000017,-82.40815222263336,41,1037.742100295348
2,28.06285878317336,-82.40825951099396,42,1063.597775484374
2,28.062697836090997,-82.4083560705185,43,1083.8025819892018
2,28.062532155019138,-82.40847945213318,44,1105.8079024323486
2,28.062229194684342,-82.40863502025604,45,1142.7010932658402
2,28.061907298392917,-82.40872621536255,46,1179.4830425014738
2,28.061566465974664,-82.40875840187073,47,1217.3865419046986
2,28.061334509960844,-82.4087530374527,48,1243.0974187199909
2,28.061017344805215,-82.40874767303467,49,1278.2497560166607
2,28.060766452302673,-82.40874230861664,50,1306.0587725185685
2,28.06054396223498,-82.40873694419861,51,1330.7208562912397
2,28.060411414741715,-82.40878522396088,52,1346.1575840923497
2,28.0601652546777,-82.40877985954285,53,1373.44224348404
2,28.059890690864293,-82.40877449512482,54,1403.8740900959951
2,28.059620860226413,-82.40876913070679,55,1433.7814831937214
2,28.059351028911152,-82.40877449512482,56,1463.6889501961746
2,28.059057527413213,-82.40877985954285,57,1496.2191803005003
2,28.05877822685646,-82.4087905883789,58,1527.1893455680854
2,28.058489457721198,-82.4087905883789,59,1559.190855731158
2,28.058205421749374,-82.40877449512482,60,1590.7075687615768
2,28.05792138502707,-82.40877985954285,61,1622.1890458804205
2,28.057642081518253,-82.40878522396088,62,1653.1460600468179
2,28.05734857535413,-82.40878522396088,63,1685.6725242314021
2,28.057111876250918,-82.4087905883789,64,1711.908908236645
2,28.05717815205234,-82.40909099578857,65,1742.3415330614498
2,28.057258629756298,-82.40964353084564,66,1797.388464562374
2,28.057291767616885,-82.41021752357483,67,1853.9369504363967
2,28.05727756567789,-82.41080224514008,68,1911.4423524940057
2,28.057263363737015,-82.41139769554138,69,1970.0021239867224
2,28.057244427812925,-82.41200923919678,70,2030.1594881169524
2,28.05723969383137,-82.4126261472702,71,2090.809890735921
2,28.057244427812925,-82.4130928516388,72,2136.6945214740977
2,28.057656283409077,-82.41310358047485,73,2182.3486997506834
2,28.058068137427295,-82.41310894489288,74,2227.9935669920515
2,28.058489457721198,-82.41311430931091,75,2274.6874249058146
2,28.058929711994264,-82.41310358047485,76,2323.4879781281916
2,28.059142737608088,-82.41310358047485,77,2347.095562571788
2,28.059459908295334,-82.4130928516388,78,2382.2603687119827
2,28.059706069974716,-82.41308748722076,79,2409.545204349811
2,28.059729739337246,-82.41322159767151,80,2422.9876822392735
2,28.05972500546515,-82.4133288860321,81,2433.5479798561564
2,28.05954511817121,-82.41335570812225,82,2453.656793178195
2,28.05936049668809,-82.41335034370422,83,2474.1234169851773
2,28.059161673197757,-82.41335034370422,84,2496.157117096438
2,28.058868171182784,-82.4133449792862,85,2528.6874036088066
2,28.058527329127372,-82.41333961486816,86,2566.4633370664037
2,28.05818175205118,-82.41333425045013,87,2604.763955083637
2,28.057845641774346,-82.41333961486816,88,2642.0155591118532
2,28.057585273936112,-82.41333961486816,89,2670.8696224050364
2,28.057225491885507,-82.4133449792862,90,2710.744292466221
2,28.057201821971546,-82.4130767583847,91,2737.2432026092856
2,28.057206555954757,-82.41275489330292,92,2768.89006691303
2,28.057206555954757,-82.41239011287689,93,2804.7515837849896
2,28.057206555954757,-82.41195559501648,94,2847.4689788824644
2,28.057225491885507,-82.41154789924622,95,2887.6043916462327
2,28.057225491885507,-82.41115093231201,96,2926.6301531683757
2,28.057206555954757,-82.41074323654175,97,2966.7655659321563
2,28.05715921611327,-82.4103033542633,98,3010.327404671463
2,28.0571355461847,-82.40982055664062,99,3057.863631475845
2,28.05710240827595,-82.40933239459991,100,3105.9951198503177
2,28.057050334398735,-82.40896224975586,101,3142.838807622589
2,28.056936718579035,-82.40866184234619,102,3174.943858631558
2,28.057244427812925,-82.40867793560028,103,3209.080992900615
2,28.05755213616601,-82.40869402885437,104,3243.218030982204
2,28.057845641774346,-82.40869402885437,105,3275.744434538806
2,28.058271696876595,-82.40867793560028,106,3322.9865255951627
2,28.05862200758451,-82.4086993932724,107,3361.8653660704003
2,28.05901492229046,-82.40869402885437,108,3405.411524300706
2,28.059422037217693,-82.40868866443634,109,3450.531247958284
2,28.05984335220488,-82.40868330001831,110,3497.2245269522896
2,28.060056376008028,-82.40868330001831,111,3520.8319138786505
2,28.060240996295896,-82.40868866443634,112,3541.2984072588115
2,28.060425616266677,-82.40869402885437,113,3561.7648660370687
2,28.060652840410754,-82.40871548652649,114,3587.0341428198017
2,28.06089426553752,-82.40873694419861,115,3613.872007622991
2,28.061183028212213,-82.40871012210846,116,3645.9812612768887
2,28.06150019287895,-82.4086993932724,117,3681.145410370723
2,28.061817356609737,-82.40868866443634,118,3716.3094573187427
2,28.062096649269325,-82.40866720676422,119,3747.332593026643
2,28.062342804909978,-82.40855991840363,120,3776.579605621997
2,28.062475350021415,-82.4085009098053,121,3792.3722634642636
2,28.0626126287145,-82.40836679935455,122,3812.503206420621
2,28.062773575924492,-82.40828096866608,123,3832.2345086808805
2,28.06316174173338,-82.408087849617,124,3879.2541745832714
2,28.063483634267655,-82.40805566310883,125,3915.0665064152545
2,28.063791324759453,-82.40807175636292,126,3949.2015939620583
2,28.06408481333076,-82.408087849617,127,3981.7645920182117
2,28.06423629098945,-82.40807175636292,128,3998.6258015284516
2,28.064515577362886,-82.40806639194489,129,4029.5809462103007
2,28.064785395712324,-82.40806102752686,130,4059.486998612979
2,28.065116750653228,-82.40806102752686,131,4096.207918460095
2,28.065575912239613,-82.40807175636292,132,4147.103366227083
2,28.065732121404217,-82.40809321403503,133,4164.54258146369
2,28.065751055832987,-82.40863502025604,134,4217.844591976789
2,28.065751055832987,-82.40914463996887,135,4267.941278546355
2,28.065751055832987,-82.40977227687836,136,4329.639303058323
2,28.065746322226126,-82.41039991378784,137,4391.339558977029
2,28.065751055832987,-82.41102755069733,138,4453.039814895732
2,28.065755789439667,-82.41165518760681,139,4514.740068110762
2,28.065751055832987,-82.41201460361481,140,4550.075308837474
2,28.065755789439667,-82.41244912147522,141,4592.792545998582
2,28.065755789439667,-82.41289973258972,142,4637.088561655891
2,28.065765256652373,-82.41317868232727,143,4664.529966995353
2,28.065964067926704,-82.41322159767151,144,4686.962584858799
2,28.066233882639242,-82.41319477558136,145,4716.979615594383
2,28.066517897394217,-82.41317331790924,146,4748.524879468786
2,28.06682084563881,-82.41316795349121,147,4782.10190453184
2,28.06712852657551,-82.41316258907318,148,4816.203346830911
2,28.067625547766024,-82.4131840467453,149,4871.3238757973
2,28.068046830593985,-82.41317331790924,150,4918.022579203747
2,28.068477578743977,-82.41317868232727,151,4965.761239543247
2,28.06877578799008,-82.41316795349121,152,4998.8257785222695
2,28.06904559564242,-82.41317331790924,153,5028.730663847201
2,28.069036128718743,-82.41294264793396,154,5051.429573621504
2,28.06903139525656,-82.41269052028656,155,5076.21904764723
2,28.069021928331605,-82.41243302822113,156,5101.552023578945
2,28.06903139525656,-82.41216480731964,157,5127.93876597762
2,28.06904559564242,-82.41198778152466,158,5145.411256568019
2,28.06905506256529,-82.41171956062317,159,5171.797993184855
2,28.069036128718743,-82.41141378879547,160,5201.928238182669
2,28.069026661794194,-82.41104364395142,161,5238.32826992362
2,28.06903139525656,-82.41062521934509,162,5279.46238295927
2,28.06903139525656,-82.41021752357483,163,5319.5385151291375
2,28.06904086218067,-82.40986347198486,164,5354.357279829072
2,28.069466872902684,-82.4098527431488,165,5401.579808324924
2,28.069930749323376,-82.40985810756683,166,5452.989564628451
2,28.070423024150845,-82.40986347198486,167,5507.546296489204
2,28.07098629738834,-82.40986347198486,168,5569.968570000292
2,28.07165370135137,-82.40988492965698,169,5643.96074773162
2,28.07228796794194,-82.40989565849304,170,5714.258470661862
2,28.072931697369103,-82.40992248058319,171,5785.645669282641
2,28.073518623779087,-82.40992784500122,172,5850.691362550365
2,28.07410554698236,-82.40993320941925,173,5915.736706003028
2,28.0749622597724,-82.40993857383728,174,6010.679641583369
2,28.07558704048214,-82.40994930267334,175,6079.926286338368
2,28.07620708441187,-82.40996539592743,176,6148.658178993321
2,28.076670931728884,-82.40998685359955,177,6200.1053071362685
2,28.07707797976509,-82.41000294685364,178,6245.242378383399
2,28.07761281960709,-82.41000294685364,179,6304.513703553111
2,28.078171322086202,-82.41002440452576,180,6366.443268170111
2,28.078734554695927,-82.41004586219788,181,6428.896732412067
2,28.079203124112077,-82.41007804870605,182,6480.920215738061
2,28.07967169148394,-82.41011023521423,183,6532.94347563864
2,28.080135523838585,-82.41011559963226,184,6584.348424721535
2,28.080282245901028,-82.41014242172241,185,6600.8206080178215
2,28.0803627063018,-82.4103194475174,186,6620.371959526232
2,28.08038163815205,-82.41067349910736,187,6655.234449331436
2,28.080400569998947,-82.4110221862793,188,6689.57064128281
2,28.080386371114074,-82.41131722927094,189,6718.612712993429
2,28.080400569998947,-82.41164445877075,190,6750.814166288258
2,28.080386371114074,-82.41200387477875,191,6786.1757505075275
2,28.080372172227346,-82.4126261472702,192,6847.358393816806
2,28.080372172227346,-82.41322696208954,193,6906.411754696626
2,28.0803769051898,-82.41383850574493,194,6966.521926995222
2,28.0803769051898,-82.41418719291687,195,7000.793965289048
2,28.080026665404617,-82.41419792175293,196,7039.622121748971
2,28.07961489554775,-82.41418182849884,197,7085.28216876897
2,28.079160526976914,-82.41413354873657,198,7135.858739848106
2,28.07881974928728,-82.41413354873657,199,7173.623970687129
2,28.078294381564028,-82.41411745548248,200,7231.867083354519
2,28.077802142806746,-82.4141013622284,201,7286.440261719854
2,28.077366698948648,-82.4140852689743,202,7334.722375165334
2,28.076912320866736,-82.41405844688416,203,7385.145839278526
2,28.076140820345902,-82.41406917572021,204,7470.650559509114
2,28.075383513831838,-82.41404235363007,205,7554.617177457557
2,28.07468773376594,-82.41404235363007,206,7631.723984781933
2,28.074129213173293,-82.41402626037598,207,7693.639811565955
2,28.073556489888954,-82.41403698921204,208,7757.1181346203175
2,28.072941163949537,-82.41402626037598,209,7825.317098985174
2,28.072074968385103,-82.41401553153992,210,7921.315222172491
2,28.07146910067002,-82.41402626037598,211,7988.46613318839
2,28.070910563343375,-82.41402626037598,212,8050.363574632828
2,28.070352023112992,-82.41402626037598,213,8112.2613328330235
2,28.069760345973005,-82.41402089595795,214,8177.833457684083
2,28.069064529487342,-82.41399943828583,215,8254.973080509946
2,28.06905506256529,-82.41373121738434,216,8281.359814814128
2,28.069036128718743,-82.41344153881073,217,8309.912160612597
2,28.069036128718743,-82.41323232650757,218,8330.477543324818
2,28.06876158756857,-82.41321623325348,219,8360.943447586451
2,28.068146234166488,-82.41322696208954,220,8429.145408088514
2,28.067885891281666,-82.41321623325348,221,8458.016018893051
2,28.06716639493759,-82.4132376909256,222,8537.778887285282
2,28.0665889009657,-82.4132376909256,223,8601.777075300228
2,28.06611080934562,-82.41325378417969,224,8654.783050890725
2,28.065675318097917,-82.41324305534363,225,8703.055937370238
2,28.06524929234351,-82.41324841976166,226,8750.271272393229
2,28.06500787699962,-82.41326451301575,227,8777.071774981787
2,28.064936872383516,-82.41336107254028,228,8789.401289514857
2,28.06491793781129,-82.4135273694992,229,8805.882873784287
2,28.064913204167713,-82.41381704807281,230,8834.363936834936
2,28.064903736879923,-82.4139404296875,231,8846.537996287232
2,28.06475226016204,-82.41392970085144,232,8863.35782038025
2,28.064605516887973,-82.41392433643341,233,8879.628530305572
2,28.064515577362886,-82.41392433643341,234,8889.595672774336
2,28.06445403974972,-82.41400480270386,235,8900.039663858295
2,28.064368833765645,-82.41406381130219,236,8911.12166290195
2,28.064274160370758,-82.41409599781036,237,8922.080131159602
2,28.064264693026658,-82.41397798061371,238,8933.728972460527
2,28.06425049200898,-82.41381168365479,239,8950.152115909385
2,28.064264693026658,-82.41370439529419,240,8960.815702264035
3,28.06433096441767,-82.41385459899902,0,0.0
3,28.064435105092436,-82.41383850574493,1,11.64884702529525
3,28.064520311023994,-82.41390824317932,2,23.317554749196283
3,28.064709657296667,-82.4138867855072,3,44.406756904315486
3,28.064908470523907,-82.41388142108917,4,66.44564725943432
3,28.06491793781129,-82.41425156593323,5,102.84706676271813
3,28.064922671454667,-82.41471290588379,6,148.20113409664694
3,28.06493213874075,-82.41517424583435,7,193.56429889570265
3,28.06494160602605,-82.41596281528473,8,271.09001356563255
3,28.064922671454667,-82.41675674915314,9,349.1641723548365
3,28.064970007876877,-82.41714835166931,10,388.01559245254344
3,28.065116750653228,-82.41748631000519,11,425.0044120475893
3,28.065268226857338,-82.41768479347229,12,450.7432664719569
3,28.065457571812217,-82.417813539505,13,475.2478506328879
3,28.065675318097917,-82.41799592971802,14,505.3103795459682
3,28.06585046152926,-82.41823196411133,15,535.5608695850697
3,28.06598300231458,-82.41851091384888,16,566.6682987421751
3,28.06605400623949,-82.41888105869293,17,603.89532924138
3,28.06605400623949,-82.41916000843048,18,631.316596566094
3,28.06605400623949,-82.4195408821106,19,668.7571731056003
3,28.066063473425935,-82.41995394229889,20,709.3752922949676
3,28.066044539052204,-82.42030262947083,21,743.7160429560055
3,28.06605400623949,-82.42069959640503,22,782.7527186567429
3,28.06605400623949,-82.42091953754425,23,804.3733332781538
3,28.066068207018827,-82.4212896823883,24,840.7932604931322
3,28.06608240779631,-82.42165982723236,25,877.213182920496
3,28.066096608571904,-82.42202997207642,26,913.633100560076
3,28.06607294061154,-82.42234110832214,27,944.3306112067374
3,28.06607294061154,-82.42270588874817,28,980.1891852690818
3,28.066063473425935,-82.42352664470673,29,1060.8778016044694
3,28.06605400623949,-82.42414891719818,30,1122.0573149345591
3,28.065978268717924,-82.42449223995209,31,1156.8346037476697
3,28.06583152711802,-82.42474436759949,32,1186.4779911985818
3,28.06568478531772,-82.42501258850098,33,1217.456278149172
3,28.065580645854006,-82.42531836032867,34,1249.6537292881271
3,28.065561711395215,-82.42567777633667,35,1285.047390270529
3,28.065594846695912,-82.42633759975433,36,1350.0133809834854
3,28.065590113082155,-82.42700815200806,37,1415.93225794071
3,28.065590113082155,-82.42767870426178,38,1481.8490490030986
3,28.065571178625017,-82.42808640003204,39,1521.9813547393603
3,28.06555697777998,-82.42861211299896,40,1573.6840880206103
3,28.06554277693309,-82.42914855480194,41,1626.4410182309848
3,28.06554751054893,-82.42978155612946,42,1688.668706058484
3,28.06554751054893,-82.43073105812073,43,1782.006919013188
3,28.06554277693309,-82.43169128894806,44,1876.4012607604093
3,28.06555224416457,-82.43273735046387,45,1979.2368474705409
3,28.06554277693309,-82.43377804756165,46,2081.5451272308987
3,28.06554277693309,-82.43435740470886,47,2138.4972596650773
3,28.06554751054893,-82.43460953235626,48,2163.2875343244577
3,28.064998409720175,-82.43460416793823,49,2224.141449792171
3,28.064463507077104,-82.43460953235626,50,2283.421971153261
3,28.064179486892435,-82.43460416793823,51,2314.9016440082028
3,28.06365878127099,-82.43461489677429,52,2372.616129607577
3,28.06310493706845,-82.4345988035202,53,2434.0137919404474
3,28.062565291253925,-82.43460416793823,54,2493.819916855945
3,28.062020908958797,-82.43459343910217,55,2554.1578297352326
3,28.06138184796351,-82.43459343910217,56,2624.9788544880826
3,28.06089426553752,-82.43460416793823,57,2679.023244824144
3,28.060401947057375,-82.43458271026611,58,2733.622953876511
3,28.059885956999274,-82.43460416793823,59,2790.84408475204
3,28.05985755380488,-82.43537664413452,60,2866.84945317395
3,28.05982441673528,-82.43563413619995,61,2892.427832248627
3,28.05954511817121,-82.43565022945404,62,2923.420222029231
3,28.05919007657604,-82.43564486503601,63,2962.769610712665
3,28.05919954436712,-82.43521571159363,64,3004.971899095301
3,28.05919007657604,-82.43477046489716,65,3048.7558127503034
3,28.059194810471695,-82.43435204029083,66,3089.893671335126
3,28.05918534268018,-82.43387460708618,67,3136.84093288529
3,28.058934445901368,-82.43385851383209,68,3164.690390203388
3,28.05866461286301,-82.43387460708618,69,3194.6352188506053
3,28.058598337978044,-82.43379414081573,70,3205.429646974807
3,28.05864094326593,-82.43366539478302,71,3218.9384774859386
3,28.05870721812464,-82.4335902929306,72,3229.35261169117
3,28.058697750290175,-82.43338108062744,73,3249.9467071023555
3,28.05868828245487,-82.43315041065216,74,3272.6477911371226
3,28.058683548536926,-82.43291437625885,75,3295.8579140291295
3,28.058683548536926,-82.43267297744751,76,3319.589475821369
3,28.058787694683826,-82.43251204490662,77,3339.1729313238598
3,28.058735621622997,-82.43225991725922,78,3364.622122168722
3,28.058612539742565,-82.43192732334137,79,3400.0499538721206
3,28.05846578808552,-82.43155181407928,80,3440.389324789442
3,28.058314302293947,-82.43116557598114,81,3481.905514274962
3,28.0580776053172,-82.430779337883,82,3528.055588504505
3,28.057978192431552,-82.43059694766998,83,3549.100325068511
3,28.057590007902455,-82.43058621883392,84,3592.132011607891
3,28.05718288603662,-82.43058621883392,85,3637.249410136881
3,28.056936718579035,-82.43055939674377,86,3664.6569213758507
3,28.056941452573923,-82.4299693107605,87,3722.6707144052048
3,28.056950920563064,-82.42937922477722,88,3780.6916194938335
3,28.056955654557317,-82.42878913879395,89,3838.7054048988966
3,28.056955654557317,-82.42811858654022,90,3904.6274639709877
3,28.056969856538856,-82.42743730545044,91,3971.622760981991
3,28.056984058518484,-82.42696523666382,92,4018.0585609893487
3,28.05697932452548,-82.42640733718872,93,4072.9082099215425
3,28.056965122545215,-82.42574751377106,94,4137.794596602847
3,28.056955654557317,-82.42508232593536,95,4203.197693277325
3,28.056960388551367,-82.42441713809967,96,4268.594478780997
3,28.056965122545215,-82.42375195026398,97,4333.991261419808
3,28.05697932452548,-82.42313504219055,98,4394.659964569764
3,28.05709767428816,-82.42297410964966,99,4415.210658009833
3,28.057296501596124,-82.42293119430542,100,4437.645057339264
3,28.057637347554227,-82.42294192314148,101,4475.432458546098
3,28.057845641774346,-82.42289364337921,102,4498.998622415141
3,28.057945054782586,-82.42282927036285,103,4511.703875674536
3,28.05801133007034,-82.42271661758423,104,4524.992786371817
3,28.05805866953657,-82.42253422737122,105,4543.675118982247
3,28.058096541094525,-82.42234647274017,106,4562.604237242451
3,28.0580918071505,-82.42208361625671,107,4588.4507368804325
3,28.0580776053172,-82.42177784442902,108,4618.552054479938
3,28.058087073206295,-82.42151498794556,109,4644.4145245988675
3,28.0580918071505,-82.4210911989212,110,4686.08013170477
3,28.0580776053172,-82.42059230804443,111,4735.150876902026
3,28.0580776053172,-82.42010414600372,112,4783.141637638551
3,28.0580776053172,-82.41956233978271,113,4836.406108346116
3,28.0580918071505,-82.41900444030762,114,4891.275265076763
3,28.058096541094525,-82.41841971874237,115,4948.761088835317
3,28.058096541094525,-82.41781890392303,116,5007.826630160622
3,28.058072871372364,-82.41718590259552,117,5070.1116629375365
3,28.058053935590866,-82.41655826568604,118,5131.849751404622
3,28.057911917123395,-82.41599500179291,119,5189.416946213833
3,28.05784090781928,-82.41579115390778,120,5210.946752560541
3,28.05772729283515,-82.4155443906784,121,5238.278695963576
3,28.05760894376565,-82.41522789001465,122,5272.044946806951
3,28.05746692471026,-82.41484701633453,123,5312.661710324872
3,28.057310703532625,-82.41434812545776,124,5364.673385027167
3,28.057230225867674,-82.41388142108917,125,5411.413772328241
3,28.057220757903114,-82.4135434627533,126,5444.65497071033
3,28.057206555954757,-82.4130928516388,127,5488.982437823357
3,28.057656283409077,-82.4130928516388,128,5538.8214040441
3,28.058101275038347,-82.4130928516388,129,5588.135547560387
3,28.05854153090126,-82.4130928516388,130,5636.924874774036
3,28.059128535913615,-82.41308748722076,131,5701.979142668208
3,28.059701336101575,-82.41308212280273,132,5765.4592845891975
3,28.059743940952256,-82.41321086883545,133,5778.9679773809985
3,28.059687134480917,-82.41335570812225,134,5794.536357788827
3,28.059459908295334,-82.41336643695831,135,5819.739736422836
3,28.059166407094658,-82.41335570812225,136,5852.282755734105
3,28.058835033808162,-82.41335570812225,137,5889.005676805521
3,28.05843265058688,-82.41335570812225,138,5933.597945064786
3,28.058030265859315,-82.41335570812225,139,5978.190377637213
3,28.057632613589973,-82.41333961486816,140,6022.286745989891
3,28.057230225867674,-82.41333961486816,141,6066.879505241128
3,28.05725389577538,-82.41362929344177,142,6095.478310268695
3,28.05727756567789,-82.41394579410553,143,6126.7038054163395
3,28.057334373422616,-82.41430521011353,144,6162.594361671419
3,28.05744798882205,-82.4146968126297,145,6203.099324394309
3,28.057599475834472,-82.41509914398193,146,6246.067613049557
3,28.057784100342225,-82.41554975509644,147,6294.8635965400035
3,28.057963990583243,-82.41597354412079,148,6341.049946241641
3,28.05801133007034,-82.41614520549774,149,6358.722465416144
3,28.05805866953657,-82.41638660430908,150,6383.027118650719
3,28.058096541094525,-82.41665482521057,151,6409.72758181257
3,28.058120210811495,-82.41698741912842,152,6442.529622995718
3,28.058134412639145,-82.41732001304626,153,6475.264466126578
3,28.05813914658131,-82.41765260696411,154,6507.965658466863
3,28.058129678696822,-82.41802275180817,155,6544.369361901599
3,28.058124944754248,-82.41841435432434,156,6582.871001324555
3,28.058129678696822,-82.41881668567657,157,6622.427286949229
3,28.058134412639145,-82.41921901702881,158,6661.983570840916
3,28.05813914658131,-82.41962134838104,159,6701.539852999764
3,28.05813914658131,-82.42002367973328,160,6741.092655256632
3,28.05813914658131,-82.42042601108551,161,6780.645457513499
3,28.05813914658131,-82.42082834243774,162,6820.198259770367
3,28.05813914658131,-82.42123067378998,163,6859.751062027235
3,28.058124944754248,-82.42152035236359,164,6888.2725382256895
3,28.058129678696822,-82.42182075977325,165,6917.809959739096
3,28.058134412639145,-82.42214798927307,166,6949.983851761947
3,28.058124944754248,-82.42244839668274,167,6979.53524600156
3,28.058120210811495,-82.42274880409241,168,7009.072668808905
3,28.058124944754248,-82.42297410964966,169,7031.2284534353685
3,28.05785510968387,-82.42299020290375,170,7061.173504060864
3,28.057481126624243,-82.42299020290375,171,7102.618449304536
3,28.057197087988108,-82.42299020290375,172,7134.095717736532
3,28.05703139843712,-82.42312967777252,173,7157.012250359322
3,28.05701246247217,-82.42336571216583,174,7180.311495622261
3,28.057017196463722,-82.42360174655914,175,7203.521977446725
3,28.05702193045505,-82.42383778095245,176,7226.732458254353
3,28.057017196463722,-82.42407381534576,177,7249.94293906198
3,28.05702193045505,-82.4243313074112,178,7275.262430478479
3,28.057026664446198,-82.42458879947662,179,7300.581920785872
3,28.057007728480407,-82.42484629154205,180,7325.98280872579
3,28.057007728480407,-82.42510378360748,181,7351.296867211134
3,28.057017196463722,-82.4254310131073,182,7383.483921516555
3,28.057007728480407,-82.42575824260712,183,7415.670975821986
3,28.057045600408628,-82.4262946844101,184,7468.5753275684
3,28.057026664446198,-82.42685258388519,185,7523.462570072894
3,28.05701246247217,-82.42742121219635,186,7579.386594151489
3,28.056988792511287,-82.42806494235992,187,7642.726084075002
3,28.05702193045505,-82.42877304553986,188,7712.436543901577
3,28.056993526503884,-82.42942750453949,189,7776.853395755134
3,28.056984058518484,-82.43010342121124,190,7843.311094275158
3,28.05699826049628,-82.43052184581757,191,7884.476543285234
3,28.05732017148925,-82.43055403232574,192,7920.290896750624
3,28.057679953222994,-82.43055939674377,193,7960.165532243586
3,28.058020797965234,-82.4305808544159,194,7997.996936108084
3,28.058205421749374,-82.43090271949768,195,8035.677790675399
3,28.058375843422514,-82.43123531341553,196,8073.437268043362
3,28.058527329127372,-82.43160545825958,197,8113.511549228757
3,28.05867881461875,-82.4319863319397,198,8154.545881292486
3,28.058811364248587,-82.43237257003784,199,8195.258653507024
3,28.058835033808162,-82.43250131607056,200,8208.184422456088
3,28.058745089454103,-82.43260860443115,201,8222.696521906551
3,28.05872141987476,-82.43276417255402,202,8238.213503933403
3,28.058716685958267,-82.432941198349,203,8255.624548938968
3,28.058716685958267,-82.43315041065216,204,8276.191896184877
3,28.058716685958267,-82.43337035179138,205,8297.813979186987
3,28.058716685958267,-82.4335902929306,206,8319.436062189097
3,28.05865987894402,-82.43372976779938,207,8334.523768005796
3,28.058626741505176,-82.43381023406982,208,8343.245132596989
3,28.058716685958267,-82.43386387825012,209,8354.521938723072
3,28.059081196918562,-82.43385314941406,210,8394.930956941174
3,28.059218479946818,-82.43387460708618,211,8410.290265272994
3,28.059213746052205,-82.43407309055328,212,8429.80983764235
3,28.05920901215739,-82.43444323539734,213,8466.201836132906
3,28.059138003710142,-82.43485629558563,214,8507.564441268109
3,28.058631475425642,-82.43487775325775,215,8563.737731081268
3,28.058319036228177,-82.43487775325775,216,8598.36236612872
3,28.057949788733076,-82.43487238883972,217,8639.285915222981
3,28.0579308529299,-82.43548929691315,218,8699.969950721452
3,28.057869311546558,-82.43575751781464,219,8727.20624358225
3,28.05785037572921,-82.4358594417572,220,8737.443693507908
3,28.057556870133798,-82.43589699268341,221,8770.178916420413
3,28.05752373235494,-82.43635833263397,222,8815.681480223893
3,28.05749532853634,-82.43668019771576,223,8847.48008534011
3,28.057528466323976,-82.43775844573975,224,8953.545804004492
3,28.05811074292533,-82.43779063224792,225,9018.151455277335
3,28.058186485991236,-82.43707180023193,226,9089.31588697273
3,28.058532063052212,-82.43632078170776,227,9172.489115744396
3,28.05867881461875,-82.43598282337189,228,9209.48013500425
3,28.05872615379105,-82.4356609582901,229,9241.554159915027
3,28.0590527935115,-82.43562340736389,230,9277.940254084713
3,28.059403101673876,-82.43562877178192,231,9316.765128779807
3,28.059848086071757,-82.4356073141098,232,9366.123580388406
3,28.059862287671145,-82.43511378765106,233,9414.666433515875
3,28.0598386183378,-82.43456661701202,234,9468.521309373855
3,28.060307270168046,-82.43456661701202,235,9520.457502068004
3,28.060790121431697,-82.43455588817596,236,9573.977679276359
3,28.061291905740628,-82.43455052375793,237,9629.588135515098
3,28.06155226460046,-82.43456661701202,238,9658.484560491166
3,28.062162921997267,-82.43455588817596,239,9726.166105739514
3,28.062707303573106,-82.434561252594,240,9786.497026199862
3,28.063251682391506,-82.43456661701202,241,9846.827645853731
3,28.063587775763516,-82.434561252594,242,9884.077405635282
3,28.06401854178794,-82.43456661701202,243,9931.818015928588
3,28.064539245666264,-82.43457198143005,244,9989.5250833231
3,28.065093082477045,-82.43457734584808,245,10050.903819102097
3,28.065504907998815,-82.43458271026611,246,10096.54557760196
3,28.06553804331704,-82.43416965007782,247,10137.31604966013
3,28.065528576084287,-82.43362784385681,248,10190.587177373676
3,28.065528576084287,-82.43309140205383,249,10243.320640263544
3,28.06552384246763,-82.43254959583282,250,10296.584022269446
3,28.06552384246763,-82.43200242519379,251,10350.372156774087
3,28.06552384246763,-82.43145525455475,252,10404.160291278728
3,28.06552384246763,-82.43090808391571,253,10457.948425783368
3,28.06554277693309,-82.43042528629303,254,10505.454903730308
3,28.066049272645962,-82.43043065071106,255,10561.587495223803
3,28.066569966684565,-82.43043601512909,256,10619.293489205838
3,28.06708119110413,-82.43044137954712,257,10675.950103941332
3,28.067379404225704,-82.430419921875,258,10709.065486858151
3,28.067379404225704,-82.43001222610474,259,10749.142231973321
3,28.067355736547874,-82.42942750453949,260,10806.680540275853
3,28.06685398055125,-82.42942214012146,261,10862.287907928247
3,28.06625755056416,-82.42943286895752,262,10928.393005781676
3,28.0657936582855,-82.42943823337555,263,10979.804492045563
3,28.06555224416457,-82.42943286895752,264,11006.563324665958
3,28.06552384246763,-82.42887496948242,265,11061.496366045447
3,28.06554751054893,-82.42822587490082,266,11125.357738625358
3,28.065566445010216,-82.42757141590118,267,11189.726756566486
3,28.06554751054893,-82.42691159248352,268,11254.622831012752
3,28.06555224416457,-82.42634296417236,269,11310.522752124138
3,28.06551437523363,-82.42567777633667,270,11376.046774092594
3,28.065561711395215,-82.42529690265656,271,11413.85323866996
3,28.065632715598483,-82.42505550384521,272,11438.85387339706
3,28.065736855011714,-82.42479801177979,273,11466.672721512608
3,28.06591199834278,-82.42453515529633,274,11498.989875524288
3,28.06600667029477,-82.42425620555878,275,11528.349725227132
3,28.066039805458267,-82.42396116256714,276,11557.584529288408
3,28.066020871080365,-82.42360174655914,277,11592.978039834474
3,28.066030338269737,-82.42334961891174,278,11617.784849416206
3,28.066020871080365,-82.42293119430542,279,11658.930139580058
3,28.06601140389018,-82.4225127696991,280,11700.075433349815
3,28.066035071864103,-82.42213726043701,281,11737.081756904818
3,28.06601140389018,-82.42119312286377,282,11829.92928176603
3,28.06600667029477,-82.42025971412659,283,11921.686598619199
3,28.06601140389018,-82.41964817047119,284,11981.804767666794
3,28.06601140389018,-82.41914927959442,285,12030.846668954206
3,28.065997203103333,-82.41887032985687,286,12058.313071095305
3,28.06593566633859,-82.418532371521,287,12092.227726198385
3,28.0657983918903,-82.41825342178345,288,12123.586274398172
3,28.065632715598483,-82.41806030273438,289,12149.996396446222
3,28.06545283819243,-82.41790473461151,290,12175.120793096832
3,28.065235091455932,-82.4177223443985,291,12205.18338350405
3,28.06505047974678,-82.41745412349701,292,12238.55658302709
3,28.064946339668353,-82.41719126701355,293,12266.856270791699
3,28.06488006865682,-82.41677820682526,294,12308.120091704324
3,28.064889535946698,-82.41637051105499,295,12348.211492786588
3,28.064884802301872,-82.41596817970276,296,12387.765303606207
3,28.06488006865682,-82.41556584835052,297,12427.31911615906
3,28.06487533501159,-82.41516351699829,298,12466.872930445066
3,28.064870601366128,-82.41467535495758,299,12514.863540111977
3,28.06487533501159,-82.41421401500702,300,12560.217627319464
3,28.064861134074597,-82.41391360759735,301,12589.790451412036
3,28.06469545633779,-82.41392433643341,302,12608.181207193325
3,28.064525044684874,-82.41392970085144,303,12627.073671695702
3,28.064416170431794,-82.41402089595795,304,12642.105087601443
3,28.064288361385277,-82.41412281990051,305,12659.454574049128
3,28.064274160370758,-82.41398870944977,306,12672.731692578065
3,28.064264693026658,-82.41380631923676,307,12690.691949726654
3,28.06428362771399,-82.41370439529419,308,12700.928792172417
4,28.064293095056385,-82.41372585296631,0,0.0
4,28.064368833765645,-82.41376876831055,1,9.393977177668443
4,28.064458773413527,-82.413849234581,2,22.118516257971322
4,28.064562913964405,-82.41392433643341,3,35.81879354044622
4,28.06478066206292,-82.41390824317932,4,60.001548066048976
4,28.064889535946698,-82.41389214992523,5,72.17028024970315
4,28.06488006865682,-82.41381704807281,6,79.62718589287063
4,28.064889535946698,-82.41370439529419,7,90.75086772310497
4,28.064894269591317,-82.41355419158936,8,105.52564010090333
4,28.064894269591317,-82.41337180137634,9,123.45512276102056
4,28.064974741517936,-82.41322159767151,10,140.7047075137495
4,28.06516408698995,-82.4131840467453,11,162.0102824294779
4,28.06545283819243,-82.41318941116333,12,194.01418114988633
4,28.065656383655792,-82.41320013999939,13,216.59583535839963
4,28.065661117266647,-82.41306066513062,14,230.3165509546633
4,28.065665850877274,-82.41284608840942,15,251.41643179323336
4,28.065651650044757,-82.41262078285217,16,273.6203008413021
4,28.065646916433494,-82.41234183311462,17,301.04668816314444
4,28.065642182822028,-82.41204142570496,18,330.5820546208297
4,28.065661117266647,-82.41171956062317,19,362.2915990027475
4,28.065689518927304,-82.41125285625458,20,408.27749009263886
4,28.065703719754833,-82.4108237028122,21,450.4935382163297
4,28.065727387796517,-82.41037845611572,22,494.3407569541753
4,28.065708453363577,-82.40989029407501,23,542.373978421981
4,28.065708453363577,-82.40950405597687,24,580.3420084801066
4,28.065703719754833,-82.40906953811646,25,623.0592643598262
4,28.065703719754833,-82.4086081981659,26,668.40996891651
4,28.06571318697212,-82.40809321403503,27,719.0448795451726
4,28.065926199140897,-82.40802347660065,28,743.6262621341453
4,28.066210214709105,-82.40797519683838,29,775.4568200883599
4,28.066508430247822,-82.40792691707611,30,808.8442597180559
4,28.066863447667217,-82.40790009498596,31,848.2757275682308
4,28.067265799324595,-82.40785717964172,32,893.0636729888449
4,28.06762081424173,-82.40781426429749,33,932.6321438626773
4,28.067592413091514,-82.40767478942871,34,946.699211524085
4,28.067516676654265,-82.40755677223206,35,961.018134813591
4,28.067516676654265,-82.40740656852722,36,975.7832326707352
4,28.06766341595297,-82.40735292434692,37,992.8785810064281
4,28.06776281988017,-82.4074387550354,38,1006.7543966331697
4,28.067791220985324,-82.40758895874023,39,1021.8511960908289
4,28.06768235004142,-82.40768551826477,40,1037.2024943755744
4,28.06766814947541,-82.40784645080566,41,1053.1003011342839
4,28.06732260179016,-82.40787863731384,42,1091.5245675298843
4,28.06693445101036,-82.40793228149414,43,1134.8616668844338
4,28.066503696674317,-82.40799129009247,44,1182.949224627353
4,28.06605400623949,-82.40806639194489,45,1233.3280229698134
4,28.065751055832987,-82.4081039428711,46,1267.1034621157798
4,28.065703719754833,-82.40783035755157,47,1294.504313075273
4,28.065694252536684,-82.40748167037964,48,1328.797062815756
4,28.06571318697212,-82.40705788135529,49,1370.5092422910247
4,28.065717920580454,-82.40645706653595,50,1429.5729481071407
4,28.065703719754833,-82.40575969219208,51,1498.1443956084836
4,28.065732121404217,-82.40522861480713,52,1550.4452267430509
4,28.065874129538628,-82.40455269813538,53,1618.7275128436252
4,28.066063473425935,-82.40391969680786,54,1684.3954176264854
4,28.06625281697959,-82.40328669548035,55,1750.0632074280581
4,28.066338021469896,-82.40279853343964,56,1798.9704851251147
4,28.065978268717924,-82.40279853343964,57,1838.8384715730958
4,28.06555697777998,-82.40279853343964,58,1885.526149032393
4,28.0651498860911,-82.4027931690216,59,1930.6433375609454
4,28.064742792860077,-82.40278780460358,60,1975.7606943273338
4,28.06432623074824,-82.40278780460358,61,2021.9243125583178
4,28.06390966702175,-82.40278780460358,62,2068.0881069249026
4,28.06367298236688,-82.40278244018555,63,2094.3229145108908
4,28.063493101680557,-82.40278244018555,64,2114.257377928776
4,28.06324221495736,-82.40278244018555,65,2142.0607633311115
4,28.062943990354697,-82.40278244018555,66,2175.1101536191604
4,28.062588959986833,-82.40278244018555,67,2214.454783566245
4,28.06233807115297,-82.40278244018555,68,2242.25839921053
4,28.061930967270705,-82.40277707576752,69,2287.3769179467336
4,28.061523861846403,-82.40277171134949,70,2332.495604906635
4,28.061112021069068,-82.40276634693146,71,2378.139027671776
4,28.060700178713642,-82.40276098251343,72,2423.7826225944727
4,28.060288334780175,-82.4027556180954,73,2469.4263896683665
4,28.0601037145736,-82.40276634693146,74,2489.91324691294
4,28.05980074739359,-82.40273952484131,75,2523.591578243465
4,28.05980548126235,-82.40310966968536,76,2559.9833774387916
4,28.05981494899921,-82.40351736545563,77,2600.076661635537
4,28.05981968286736,-82.40393042564392,78,2640.686963253138
4,28.059810215130884,-82.40434348583221,79,2681.307429945553
4,28.05983388447049,-82.40460634231567,80,2707.280980623983
4,28.059909626322213,-82.40490674972534,81,2737.9829482611326
4,28.059999569701773,-82.4051159620285,82,2760.838109409006
4,28.059791279655432,-82.40520179271698,83,2785.4147559293647
4,28.05953565041056,-82.40525543689728,84,2814.2303760537206
4,28.059218479946818,-82.40523397922516,85,2849.442579012514
4,28.058901308547178,-82.40523397922516,86,2884.591641565301
4,28.058579402289116,-82.40523934364319,87,2920.2693191688713
4,28.05824802719301,-82.40527153015137,88,2957.128506546521
4,28.058016064017878,-82.40536272525787,89,2984.353272801884
4,28.057779366384462,-82.40543782711029,90,3011.60346634411
4,28.0575710720359,-82.40547001361847,91,3034.902591932644
4,28.05732963944503,-82.40550220012665,92,3061.8447020609206
4,28.057074004346056,-82.40552365779877,93,3090.2527104240667
4,28.056823102639264,-82.40549683570862,94,3118.1824845060964
4,28.056610072428523,-82.40545392036438,95,3142.164599901261
4,28.056610072428523,-82.40585625171661,96,3181.717961832701
4,28.056624274455707,-82.40626394748688,97,3221.8295885000352
4,28.05663847648101,-82.4066823720932,98,3262.995174561946
4,28.056657412511832,-82.40710079669952,99,3304.1841484743336
4,28.056671614532757,-82.40751922130585,100,3345.34972191312
4,28.056780496630864,-82.40797519683838,101,3391.77240366437
4,28.056936718579035,-82.40842580795288,102,3439.334840485785
4,28.057116610238097,-82.40883350372314,103,3484.0996022398567
4,28.057220757903114,-82.4093109369278,104,3532.434241620502
4,28.057263363737015,-82.4096542596817,105,3566.514900088448
4,28.057282299657768,-82.41030871868134,106,3630.888853596996
4,28.05727756567789,-82.41087198257446,107,3686.265702147165
4,28.0572680977175,-82.41139769554138,108,3737.9590943285725
4,28.05725389577538,-82.41201460361481,109,3798.627635357311
4,28.05723969383137,-82.41265833377838,110,3861.9322091344907
4,28.057244427812925,-82.41309821605682,111,3905.180147365066
4,28.05770835699279,-82.41310894489288,112,3956.603772591465
4,28.05817701811092,-82.41311967372894,113,4008.5516872362905
4,28.05866461286301,-82.413130402565,114,4062.597422422711
4,28.059138003710142,-82.41311430931091,115,4115.0826366448255
4,28.059696602228236,-82.4130928516388,116,4177.022683894473
4,28.059743940952256,-82.41321086883545,117,4189.755617680429
4,28.059701336101575,-82.4133449792862,118,4203.759626187474
4,28.05947410994599,-82.41336643695831,119,4229.029123180729
4,28.059161673197757,-82.41335570812225,120,4263.6695519572
4,28.05866934678182,-82.41336107254028,121,4318.231911610998
4,28.05817701811092,-82.41336643695831,122,4372.794517257662
4,28.057684687185134,-82.41337180137634,123,4427.357368890478
4,28.05725389577538,-82.41335570812225,124,4475.124044381864
4,28.0572680977175,-82.41385996341705,125,4524.722270171068
4,28.05731543751105,-82.41437494754791,126,4575.621341984454
4,28.05749532853634,-82.41492211818695,127,4632.988806917921
4,28.057760430551262,-82.41551756858826,128,4698.485795377133
4,28.058006596122574,-82.41617739200592,129,4768.855550645108
4,28.0580918071505,-82.41681575775146,130,4832.319195959837
4,28.05811074292533,-82.41743266582489,131,4893.003141070596
4,28.058120210811495,-82.41767942905426,132,4917.284878198251
4,28.05848472379447,-82.41771161556244,133,4957.804088454655
4,28.058887106820823,-82.41770088672638,134,5002.408807492004
4,28.05930842390473,-82.41771161556244,135,5049.111248677235
4,28.05972027159285,-82.4177223443985,136,5094.764564074077
4,28.06034040708879,-82.41770625114441,137,5163.5064479385155
4,28.060671775734427,-82.41773307323456,138,5200.323406561823
4,28.060875330253058,-82.41780817508698,139,5224.058869002948
4,28.06098894190979,-82.41796910762787,140,5244.278054033543
4,28.061017344805215,-82.41825342178345,141,5272.404638782357
4,28.061031546250103,-82.41855919361115,142,5302.505137459835
4,28.061031546250103,-82.41891324520111,143,5337.3106717384035
4,28.061031546250103,-82.41927802562714,144,5373.170919176927
4,28.061154625360604,-82.41965353488922,145,5412.52512676351
4,28.061296639543716,-82.41958379745483,146,5429.69156335504
4,28.061632739029537,-82.41947114467621,147,5468.549760700515
4,28.061973571237594,-82.41944432258606,148,5506.412861626604
4,28.062309668606567,-82.41946578025818,149,5543.719008333824
4,28.062598427478513,-82.41954624652863,150,5576.682578632492
4,28.0626126287145,-82.41942286491394,151,5588.9132795878295
4,28.0626126287145,-82.41927802562714,152,5603.151698880902
4,28.062664699897045,-82.41904735565186,153,5626.550417944577
4,28.062787777137327,-82.41894006729126,154,5643.79204840847
4,28.063048132373467,-82.41895616054535,155,5672.6880774881565
4,28.063374758959572,-82.41895079612732,156,5708.888830666464
4,28.06367298236688,-82.41894006729126,157,5741.954915223994
4,28.06400907442135,-82.41894543170929,158,5779.204531265805
4,28.06408481333076,-82.41887032985687,159,5790.38286178739
4,28.06417475321634,-82.41885423660278,160,5800.474814720954
4,28.064217356293767,-82.41893470287323,161,5809.68679419945
4,28.064435105092436,-82.41895079612732,162,5833.869625268289
4,28.064700189990962,-82.41896152496338,163,5863.26539060264
4,28.065168820622457,-82.41894006729126,164,5915.24208993859
4,28.065689518927304,-82.41894006729126,165,5972.946139851503
4,28.066044539052204,-82.4189293384552,166,6012.303785912747
4,28.06600667029477,-82.41866648197174,167,6038.481639743047
4,28.065893063942383,-82.41837680339813,168,6069.616606935016
4,28.065732121404217,-82.41810321807861,169,6101.88734314521
4,28.065632715598483,-82.41796374320984,170,6119.475392457281
4,28.065727387796517,-82.41778135299683,171,6140.248831986545
4,28.06581732630739,-82.41760969161987,172,6159.847204690593
4,28.06593566633859,-82.4175775051117,173,6173.337981954946
4,28.06600667029477,-82.41768479347229,174,6186.496559920849
4,28.06626228414853,-82.41767406463623,175,6214.843446085851
4,28.066427959469717,-82.41767942905426,176,6233.211242718834
4,28.066674105189506,-82.41767406463623,177,6260.494337074273
4,28.066896582566528,-82.41765260696411,178,6285.23946211878
4,28.06713326012151,-82.41764724254608,179,6311.473495053815
4,28.067436206631196,-82.41791009902954,180,6353.838321869666
4,28.067644481861166,-82.41780817508698,181,6379.000284610769
4,28.067772286916036,-82.41764187812805,182,6400.629627190263
4,28.067819622082972,-82.41739511489868,183,6425.4472393367005
4,28.067829089113875,-82.41708397865295,184,6456.049986710751
4,28.067819622082972,-82.41670846939087,185,6492.977532697988
4,28.06782435559851,-82.41647779941559,186,6515.6585073228425
4,28.067819622082972,-82.41617202758789,187,6545.72052013054
4,28.067814888567227,-82.41586625576019,188,6575.782534255628
4,28.06781015505125,-82.4155604839325,189,6605.844549698181
4,28.067715484688197,-82.41534054279327,190,6629.875906401419
4,28.067715484688197,-82.41510450839996,191,6653.078160329082
4,28.06766814947541,-82.41483628749847,192,6679.961132600685
4,28.06767761651962,-82.41462171077728,193,6701.080174577679
4,28.067672882997616,-82.41434812545776,194,6727.978821718322
4,28.06768235004142,-82.41407454013824,195,6754.892809010458
4,28.06769181708441,-82.41380095481873,196,6781.806793943811
4,28.06767761651962,-82.4135273694992,197,6808.746327953906
4,28.067672882997616,-82.41321086883545,198,6839.862874764945
4,28.067171128481935,-82.4132376909256,199,6895.530056327815
4,28.06669777301748,-82.41322696208954,200,6947.99816102107
4,28.066219681881783,-82.41321623325348,201,7000.990966750695
4,28.065774723864237,-82.41322696208954,202,7050.312721164484
4,28.06536289937648,-82.41324305534363,203,7095.978731265945
4,28.06503627883294,-82.41324841976166,204,7132.178825219568
4,28.064936872383516,-82.41333425045013,205,7146.054988769753
4,28.06491793781129,-82.41353809833527,206,7166.2033790179585
4,28.064913204167713,-82.4137794971466,207,7189.939369560343
4,28.064908470523907,-82.41392433643341,208,7204.187146501963
4,28.06475699381269,-82.41393506526947,209,7221.006969867799
4,28.064633918827628,-82.41392433643341,210,7234.686917212533
4,28.064515577362886,-82.4139404296875,211,7247.89665122366
4,28.06442090409728,-82.41401553153992,212,7260.725589863618
4,28.06433096441767,-82.41409599781036,213,7273.450133377597
4,28.064259959354303,-82.41409063339233,214,7281.33659940079
4,28.06425049200898,-82.41396725177765,215,7293.510732463024
4,28.06424102466282,-82.41380631923676,216,7309.365710982848
4,28.06425049200898,-82.41369903087616,217,7319.964585273025
5,28.06433096441767,-82.41351127624512,0,0.0
5,28.064340431755916,-82.41371512413025,1,20.066384112275124
5,28.064468240740503,-82.4138331413269,2,38.37510243177551
5,28.064562913964405,-82.41392433643341,3,52.175233475336064
5,28.0647333255573,-82.41390824317932,4,71.1264778147919
5,28.064884802301872,-82.41390824317932,5,87.91320586539683
5,28.064899003235734,-82.41369903087616,6,108.53950275409923
5,28.06491793781129,-82.41345763206482,7,132.3622893011417
5,28.065003143360013,-82.41325914859772,8,154.03852544953972
5,28.065173554254788,-82.41318941116333,9,174.12932477769507
5,28.065405501982884,-82.41320550441742,10,199.88252590275226
5,28.065646916433494,-82.41320550441742,11,226.63619799112342
5,28.065656383655792,-82.41304993629456,12,241.96483171268903
5,28.065651650044757,-82.41278171539307,13,268.3367504510103
5,28.065651650044757,-82.41239547729492,14,306.3048004741947
5,28.065651650044757,-82.41198241710663,15,346.9095206378755
5,28.065651650044757,-82.4115639925003,16,388.0415748296556
5,28.06568478531772,-82.41125285625458,17,418.84658863460913
5,28.065703719754833,-82.41086661815643,18,456.87256198293704
5,28.06571318697212,-82.41043746471405,19,499.07230609288945
5,28.065694252536684,-82.40999221801758,20,542.8912785326936
5,28.065717920580454,-82.40948796272278,21,592.5299976371475
5,28.06571318697212,-82.40892469882965,22,647.9025227406877
5,28.065708453363577,-82.40834534168243,23,704.8569824661454
5,28.065703719754833,-82.40776598453522,24,761.8114446873252
5,28.065703719754833,-82.40747094154358,25,790.8148022526565
5,28.065703719754833,-82.40708470344543,26,828.7828339745381
5,28.065703719754833,-82.40669846534729,27,866.7508656964197
5,28.065708453363577,-82.40631222724915,28,904.7225203196616
5,28.065708453363577,-82.405925989151,29,942.6905503777873
5,28.065708453363577,-82.40553975105286,30,980.658580435913
5,28.065708453363577,-82.40515351295471,31,1018.6266104940387
5,28.06581732630739,-82.40478336811066,32,1056.9608583432237
5,28.06594039993713,-82.40438103675842,33,1098.7965443483463
5,28.066058739832815,-82.40397334098816,34,1140.964972536847
5,28.06619128036125,-82.40356028079987,35,1184.1445089253075
5,28.06631908714456,-82.40313649177551,36,1228.1455680105323
5,28.06634748863133,-82.40278780460358,37,1262.5662696065424
5,28.06636168937189,-82.40248203277588,38,1292.6652832661082
5,28.06635222221173,-82.40212261676788,39,1328.0120063261902
5,28.06637115653121,-82.40191340446472,40,1348.6846650807117
5,28.06607294061154,-82.40190267562866,41,1381.749932425449
5,28.065689518927304,-82.40190804004669,42,1424.244192552939
5,28.06530609587502,-82.40191340446472,43,1466.7386019272433
5,28.06493213874075,-82.40190804004669,44,1508.1840740158564
5,28.064553446645775,-82.40190267562866,45,1550.1542326014842
5,28.06417475321634,-82.40189731121063,46,1592.1245367680542
5,28.063796058452443,-82.4018919467926,47,1634.0949865166244
5,28.06346469943941,-82.40191876888275,48,1670.9108916070345
5,28.063119138237493,-82.40189731121063,49,1709.2641977028402
5,28.062716771054376,-82.40188658237457,50,1753.8671879900546
5,28.06227653229295,-82.40187585353851,51,1802.6660487256122
5,28.0618126228296,-82.40188121795654,52,1854.0794096803993
5,28.061296639543716,-82.40188658237457,53,1911.263338182554
5,28.060780653780714,-82.40187048912048,54,1968.4669869075894
5,28.060231528596542,-82.40187048912048,55,2029.3212743284987
5,28.059672932858405,-82.40188121795654,56,2091.23407218321
5,28.059298956123218,-82.4018919467926,57,2132.69174641443
5,28.058906042455554,-82.40188658237457,58,2176.2377913746823
5,28.05851312735163,-82.40188121795654,59,2219.783993020442
5,28.058120210811495,-82.40187585353851,60,2263.3303513460573
5,28.057722558874865,-82.40187048912048,61,2307.4014476258462
5,28.05732490546724,-82.40186512470245,62,2351.4727043805847
5,28.056913048601487,-82.40185976028442,63,2397.1178822649836
5,28.056624274455707,-82.4018543958664,64,2429.124284096818
5,28.056330765512644,-82.40184903144836,65,2461.65532645829
5,28.056041989802694,-82.40184366703033,66,2493.6618989395424
5,28.055705872835574,-82.40184366703033,67,2530.910499638391
5,28.05535081855994,-82.40184366703033,68,2570.2577375557867
5,28.055043103905874,-82.40182220935822,69,2604.4239678631343
5,28.054768527009447,-82.40182220935822,70,2634.852671957308
5,28.054465544792638,-82.40180611610413,71,2668.466517729648
5,28.054143625251715,-82.40179002285004,72,2704.1768132207485
5,28.053798034083474,-82.40177392959595,73,2742.5080047207002
5,28.053452441804357,-82.40175783634186,74,2780.8393175058877
5,28.053116316741278,-82.4017471075058,75,2818.1037325128505
5,28.052917481702224,-82.40173637866974,76,2840.1639238668236
5,28.052543481465868,-82.40172564983368,77,2881.6241625593757
5,28.052174214133345,-82.40171492099762,78,2922.560069245422
5,28.05180021131155,-82.40170419216156,79,2964.020590061085
5,28.051497220729935,-82.4016934633255,80,2997.614656128466
5,28.05118949504657,-82.40168273448944,81,3031.7332113412685
5,28.050881768482526,-82.40167200565338,82,3065.8518626687696
5,28.050574041037798,-82.40166127681732,83,3099.9706101134384
5,28.05021896981497,-82.40166127681732,84,3139.319696704872
5,28.04980708572761,-82.40167737007141,85,3184.9922121920986
5,28.049399934389562,-82.4016934633255,86,3230.1405591776365
5,28.048992781509913,-82.40170955657959,87,3275.289074433678
5,28.048595095813678,-82.40170419216156,88,3319.363853627247
5,28.04818793988675,-82.40168273448944,89,3364.534260471941
5,28.04773343842654,-82.40167737007141,90,3414.9049756174136
5,28.047231590832816,-82.40167200565338,91,3470.522335558214
5,28.046729740897238,-82.40166664123535,92,3526.1399509704243
5,28.046232623086205,-82.40166127681732,93,3581.2331711716142
5,28.04573076848908,-82.40165591239929,94,3636.8512951062316
5,28.045228911550176,-82.40165054798126,95,3692.469674504835
5,28.04472705226954,-82.40164518356323,96,3748.088309360359
5,28.044225190647154,-82.4016398191452,97,3803.707199673859
5,28.043728061259742,-82.40167737007141,98,3858.922734796127
5,28.043586023869878,-82.40170419216156,99,3874.8827323907217
5,28.043604962199378,-82.40200459957123,100,3904.4939352664783
5,28.04357655470388,-82.40236937999725,101,3940.4978669976185
5,28.043581289286994,-82.40276634693146,102,3979.5320822434996
5,28.04360969678122,-82.40324378013611,103,4026.5798337724395
5,28.04362390052552,-82.403764128685,104,4077.765872903251
5,28.04360969678122,-82.40430057048798,105,4130.533510777814
5,28.043595493035035,-82.40483701229095,106,4183.301155584114
5,28.043614431362858,-82.40539491176605,107,4238.195218383665
5,28.043628635106522,-82.40595817565918,108,4293.598943860598
5,28.04364283884833,-82.40652143955231,109,4349.002662059588
5,28.043657042588258,-82.40708470344543,110,4404.406372980511
5,28.04363810426794,-82.40764796733856,111,4459.827473588517
5,28.04362390052552,-82.40820586681366,112,4514.703967684351
5,28.043619165944293,-82.40838825702667,113,4532.644653813602
5,28.043614431362858,-82.40858674049377,114,4552.167043407691
5,28.04360969678122,-82.40878522396088,115,4571.689433856597
5,28.04360969678122,-82.40918755531311,116,4611.247553072708
5,28.043604962199378,-82.40958988666534,117,4650.809152648306
5,28.043614431362858,-82.41002976894379,118,4694.07209153174
5,28.043619165944293,-82.41046965122223,119,4737.325481520006
5,28.0436523080085,-82.41092026233673,120,4781.782538216658
5,28.043657042588258,-82.41144061088562,121,4832.947041496508
5,28.04363810426794,-82.41200923919678,122,4888.895208745212
5,28.04363810426794,-82.41258323192596,123,4945.3314439994065
5,28.043600227617308,-82.41313576698303,124,4999.819839936269
5,28.043604962199378,-82.41372585296631,125,5057.840791035138
5,28.043595493035035,-82.4140852689743,126,5093.194957704033
5,28.043586023869878,-82.41462171077728,127,5145.949563805153
5,28.043604962199378,-82.41519033908844,128,5201.897758002032
5,28.043619165944293,-82.41580188274384,129,5262.046697534155
5,28.04362390052552,-82.41618812084198,130,5300.026112282691
5,28.043936382425596,-82.41617739200592,131,5334.671468749496
5,28.044362492644467,-82.41616129875183,132,5381.919575608384
5,28.044788601175227,-82.41617202758789,133,5429.152776245325
5,28.04521944252883,-82.41618275642395,134,5476.910342619203
5,28.045650282156558,-82.41619348526001,135,5524.667720680345
5,28.046081120058368,-82.41620421409607,136,5572.424910424159
5,28.04653089404856,-82.41621494293213,137,5622.280113775997
5,28.046952259553866,-82.41619348526001,138,5669.023559064344
5,28.047373623408262,-82.41617202758789,139,5715.766824077458
5,28.047832860785103,-82.41617202758789,140,5766.659610628522
5,28.04832523682507,-82.41619884967804,141,5821.288522260373
5,28.048803407552267,-82.41620421409607,142,5874.282138840832
5,28.04928157615325,-82.4162095785141,143,5927.275523473934
5,28.04975974262799,-82.41621494293213,144,5980.268676156145
5,28.050166892603695,-82.41621494293213,145,6025.38914103319
5,28.05051722972095,-82.41619348526001,146,6064.270866695572
5,28.050895971266403,-82.41617739200592,147,6106.27291835912
5,28.051274711477827,-82.41616129875183,148,6148.274824396329
5,28.051662918810052,-82.41616129875183,149,6191.296070093971
5,28.052051124740697,-82.41616666316986,150,6234.320395478072
5,28.05244406346263,-82.41617202758789,151,6277.869173674704
5,28.052832266572963,-82.41617739200592,152,6320.893191383467
5,28.053229936598477,-82.41618275642395,153,6364.9662610240275
5,28.053589732020846,-82.41618275642395,154,6404.838902158403
5,28.053968462743633,-82.41618812084198,155,6446.813274786912
5,28.05438979910501,-82.41617739200592,156,6493.517819394026
5,28.054394533212058,-82.41572141647339,157,6538.3489527734055
5,28.054380330890304,-82.41517424583435,158,6592.16565123803
5,28.054366128566695,-82.41462707519531,159,6645.982356774641
5,28.0543519262412,-82.41407990455627,160,6699.799069383319
5,28.0543566603499,-82.41353273391724,161,6753.595322697562
5,28.05438506499776,-82.41322696208954,162,6783.820860593618
5,28.054413469638114,-82.41307139396667,163,6799.435715786545
5,28.054678579252933,-82.41308748722076,164,6828.857822014448
5,28.054962624543375,-82.41310358047485,165,6860.3755528723195
5,28.055284541631963,-82.41309821605682,166,6896.054412050558
5,28.055601723702924,-82.4130928516388,167,6931.208594761874
5,28.055918904838116,-82.41308748722076,168,6966.362675383068
5,28.056240819063213,-82.41308212280273,169,7002.0412221636925
5,28.05656273232435,-82.4130767583847,170,7037.719663779158
5,28.056884644621544,-82.41307139396667,171,7073.398000233346
5,28.057211289937737,-82.41306602954865,172,7109.600796798004
5,28.057533200292784,-82.41306066513062,173,7145.278921369761
5,28.057878779453972,-82.4130767583847,174,7183.608801944896
5,28.058229091442378,-82.4130928516388,175,7222.462737041214
5,28.058584136211664,-82.41310894489288,176,7261.840733349036
5,28.059142737608088,-82.41309821605682,177,7323.754148528162
5,28.059696602228236,-82.41308212280273,178,7385.15403886519
5,28.059739207080796,-82.41318941116333,179,7396.7098656783355
5,28.059715537720354,-82.41332352161407,180,7410.1523423900635
5,28.05961139247243,-82.41336107254028,181,7422.269761702772
5,28.059175874887853,-82.41336107254028,182,7470.533998596477
5,28.058797162510352,-82.41336107254028,183,7512.50305671165
5,28.05840898093871,-82.41336107254028,184,7555.521492329904
5,28.058020797965234,-82.41336107254028,185,7598.540080867201
5,28.057632613589973,-82.41336107254028,186,7641.558822317893
5,28.057249161794253,-82.41336107254028,187,7684.053095096944
5,28.056865708630742,-82.41336107254028,188,7726.547517082443
5,28.056482254099443,-82.41336107254028,189,7769.042088271563
5,28.056103532232157,-82.41336107254028,190,7811.012181576647
5,28.055724809030696,-82.41336107254028,191,7852.982420419129
5,28.05535081855994,-82.41336107254028,192,7894.42817410245
5,28.054972092706784,-82.41336107254028,193,7936.398702204035
5,28.054593365519473,-82.41336107254028,194,7978.369375841603
5,28.054555492727363,-82.41372585296631,195,8014.476528617335
5,28.05456496092665,-82.41416573524475,196,8057.735085207564
5,28.05457916322398,-82.4146056175232,197,8101.009540892748
5,28.05458863142118,-82.41504549980164,198,8144.268088008598
5,28.05459809961754,-82.41548538208008,199,8187.52663133464
5,28.05458863142118,-82.41593062877655,200,8231.312409364964
5,28.054583897322683,-82.41634905338287,201,8272.452021462168
5,28.054124688778103,-82.41634905338287,202,8323.341662867673
5,28.053665478272144,-82.41634905338287,203,8374.23151822894
5,28.05343823935818,-82.4163544178009,204,8399.419728035671
5,28.053139987554754,-82.4163544178009,205,8432.47208550669
5,28.052841734923998,-82.4163544178009,206,8465.524533226739
5,28.052548215654188,-82.4163544178009,207,8498.052427038292
5,28.052254695583127,-82.4163544178009,208,8530.580408254285
5,28.051961174710797,-82.4163544178009,209,8563.108476874015
5,28.051672387264063,-82.4163544178009,210,8595.111984534216
5,28.051378864802093,-82.4163544178009,211,8627.64022655954
5,28.050919642568715,-82.41636514663696,212,8678.542291430696
5,28.050455684093805,-82.41637587547302,213,8729.969112974792
5,28.049986989316146,-82.41638123989105,214,8781.912668124163
5,28.049518292495602,-82.41636514663696,215,8833.8778620679
5,28.048959641091397,-82.41635978221893,216,8895.789994095554
5,28.048400986784973,-82.41635978221893,217,8957.700196242617
5,28.047847063971663,-82.41635978221893,218,9019.08604823126
5,28.04728840388551,-82.41635978221893,219,9080.996880855517
5,28.046630317518865,-82.41638660430908,220,9153.973812848795
5,28.046005368464424,-82.41637587547302,221,9223.238823614405
5,28.045375681274603,-82.41636514663696,222,9293.028848760361
5,28.04475072492972,-82.4163544178009,223,9362.294654891573
5,28.04411629583502,-82.41634905338287,224,9432.604171800356
5,28.043562350953344,-82.41634905338287,225,9493.992431095638
5,28.04355761636939,-82.41588234901428,226,9539.882870082678
5,28.043562350953344,-82.41542100906372,227,9585.245902114399
5,28.043571820120587,-82.41492211818695,228,9634.309212659466
5,28.043581289286994,-82.41442322731018,229,9683.37251890777
5,28.04357655470388,-82.41392970085144,230,9731.899995543527
5,28.043586023869878,-82.41357564926147,231,9766.726962586543
5,28.043567085537067,-82.41316258907318,232,9807.394169545856
5,28.04355288178526,-82.41272270679474,233,9850.673033738894
5,28.043548147200898,-82.41227746009827,234,9894.453853780695
5,28.043543412616362,-82.41180539131165,235,9940.871706613214
5,28.043543412616362,-82.41133332252502,236,9987.286594947294
5,28.043543412616362,-82.4108612537384,237,10033.701483281375
5,28.043567085537067,-82.41045355796814,238,10073.872819126069
5,28.043590758452556,-82.41000831127167,239,10117.729019563685
5,28.043567085537067,-82.4095630645752,240,10161.585220001283
5,28.04355288178526,-82.40910708904266,241,10206.445399713644
5,28.04355288178526,-82.40866184234619,242,10250.223074649415
5,28.043562350953344,-82.40823268890381,243,10292.431468800494
5,28.04357655470388,-82.4077820777893,244,10336.76453144912
5,28.043581289286994,-82.40731537342072,245,10382.654962398357
5,28.043586023869878,-82.40684866905212,246,10428.545391338122
5,28.043590758452556,-82.40638196468353,247,10474.43581826843
5,28.043586023869878,-82.40591526031494,248,10520.326245198736
5,28.043581289286994,-82.40544319152832,249,10566.744081770921
5,28.04357655470388,-82.40496039390564,250,10614.216737958779
5,28.043571820120587,-82.40447759628296,251,10661.689396225333
5,28.043571820120587,-82.40399479866028,252,10709.159155913536
5,28.043571820120587,-82.40363001823425,253,10745.025196566856
5,28.043567085537067,-82.40324378013611,254,10783.004629608866
5,28.043562350953344,-82.40283608436584,255,10823.093640805468
5,28.04355761636939,-82.40242302417755,256,10863.710050999596
5,28.043548147200898,-82.40200459957123,257,10904.86389768791
5,28.043538678031595,-82.40166664123535,258,10938.109303825016
5,28.043893771310856,-82.40164518356323,259,10977.517311575994
5,28.044291474391873,-82.40165054798126,260,11021.593987311637
5,28.044831211935453,-82.40165054798126,261,11081.407793445513
5,28.045385150282208,-82.4016398191452,262,11142.804402518213
5,28.04593435129663,-82.40162909030914,263,11203.67610253304
5,28.04648828396172,-82.40163445472717,264,11265.06529492402
5,28.04706115149467,-82.4016398191452,265,11328.552783388664
5,28.047657687996427,-82.40164518356323,266,11394.663190521187
5,28.04814059607425,-82.40162909030914,267,11448.202557235827
5,28.048590361451268,-82.40162909030914,268,11498.04566022961
5,28.049049593632176,-82.40163445472717,269,11548.940612787857
5,28.049508823851927,-82.4016398191452,270,11599.835351402648
5,28.049991723617055,-82.40164518356323,271,11653.353024562199
5,28.050469886933964,-82.40165054798126,272,11706.345832756779
5,28.050948048124585,-82.40165591239929,273,11759.338408995518
5,28.051426207188864,-82.40166127681732,274,11812.330753272057
5,28.051904364126802,-82.40166664123535,275,11865.322865586395
5,28.052382518938376,-82.40167200565338,276,11918.314745936761
5,28.052860671623556,-82.40167737007141,277,11971.306394317504
5,28.053329353875046,-82.40169882774353,278,12023.288729343492
5,28.05381223648215,-82.40172564983368,279,12076.866863350377
5,28.054295116920443,-82.40175247192383,280,12130.44476047854
5,28.054782729279903,-82.40177929401398,281,12184.546424523818
5,28.055270339427786,-82.40180611610413,282,12238.647847025137
5,28.055767415457453,-82.40181148052216,283,12293.736509324386
5,28.056311829424263,-82.40182220935822,284,12354.077877638458
5,28.056889378618724,-82.40183293819427,285,12418.0907799269
5,28.057481126624243,-82.40184366703033,286,12483.676996623977
5,28.058300100490037,-82.4018383026123,287,12574.437527757966
5,28.059227947735405,-82.40182757377625,288,12677.26733903997
5,28.060009037421587,-82.4018383026123,289,12763.834446036197
5,28.060790121431697,-82.40184903144836,290,12850.400933813833
5,28.061566465974664,-82.40185976028442,291,12936.442240718517
5,28.062342804909978,-82.40187048912048,292,13022.4829358672
5,28.063175942894944,-82.40185976028442,293,13114.817697324503
5,28.063455232024015,-82.40185976028442,294,13145.76865055409
5,28.06390493333375,-82.40185976028442,295,13195.60476480081
5,28.06435463276171,-82.40185976028442,296,13245.440673773066
5,28.064827998547674,-82.4018543958664,297,13297.901953990564
5,28.065301362248515,-82.40184903144836,298,13350.363006740576
5,28.065774723864237,-82.40184366703033,299,13402.8238320231
5,28.066243349809834,-82.40184903144836,300,13454.759878259069
5,28.066418492315382,-82.4018919467926,301,13474.622434705416
5,28.066409025160205,-82.40206360816956,302,13491.529588041236
5,28.066399558004218,-82.4022513628006,303,13510.015945761377
5,28.066404291582327,-82.40245521068573,304,13530.061364779627
5,28.06639009084739,-82.40276098251343,305,13560.160366568929
5,28.066323820726208,-82.40308821201324,306,13593.155247949484
5,28.06625281697959,-82.40343689918518,307,13628.323346077363
5,28.066139210887425,-82.40381240844727,308,13667.324490508514
5,28.066020871080365,-82.40422546863556,309,13709.994383546653
5,28.065883596740925,-82.40463852882385,310,13753.355239203762
5,28.065784191075288,-82.40506768226624,311,13796.956499531738
5,28.065732121404217,-82.40548610687256,312,13838.491303238607
5,28.06568478531772,-82.40596354007721,313,13885.716267010046
5,28.065732121404217,-82.40646779537201,314,13935.562442517838
5,28.065751055832987,-82.40697741508484,315,13985.7030588374
5,28.06574158861901,-82.40744411945343,316,14031.59307388139
5,28.065736855011714,-82.40794837474823,317,14081.165208017814
5,28.065732121404217,-82.40847408771515,318,14132.846565534257
5,28.065727387796517,-82.40899980068207,319,14184.527925315373
5,28.065746322226126,-82.40954160690308,320,14237.829938164168
5,28.065746322226126,-82.40984201431274,321,14267.360617857117
5,28.06574158861901,-82.41017997264862,322,14300.586774587166
5,28.065732121404217,-82.4105179309845,323,14333.825354448481
5,28.065727387796517,-82.41085588932037,324,14367.05151554635
5,28.065751055832987,-82.41120994091034,325,14401.954227028556
5,28.06576999025842,-82.41160690784454,326,14441.033280433996
5,28.065765256652373,-82.41201996803284,327,14481.641345449296
5,28.065760523046123,-82.41247594356537,328,14526.467761235119
5,28.065755789439667,-82.41300702095032,329,14578.67641404489
5,28.065755789439667,-82.41322696208954,330,14600.297088353824
5,28.065476506289354,-82.4132376909256,331,14631.265353719245
5,28.065206689675176,-82.41324841976166,332,14661.185161518632
5,28.0650552133843,-82.4132376909256,333,14678.004938938131
5,28.06491793781129,-82.41331815719604,334,14695.151449041858
5,28.064894269591317,-82.41356492042542,335,14719.550375717636
5,28.064903736879923,-82.41388142108917,336,14750.680984826156
5,28.06469545633779,-82.41394579410553,337,14774.6144686081
5,28.064525044684874,-82.41395652294159,338,14793.528999487155
5,28.064468240740503,-82.41402089595795,339,14802.454921705032
5,28.064383034767673,-82.41409599781036,340,14814.44104837189
5,28.06424102466282,-82.41405308246613,341,14830.734317211054
5,28.06425049200898,-82.41395115852356,342,14840.80857589457
5,28.064259959354303,-82.4137955904007,343,14856.13740775419
5,28.064274160370758,-82.41369903087616,344,14865.75911980541